707
1 0 0 0.456
0 1 0 0.725
0 0 1 -0.15
1 0 0 0.456
0 1 0 0.72557
0 0 1 -0.14942
1 0 0 0.456
0 1 0 0.72616
0 0 1 -0.14882
1 0 0 0.456
0 1 0 0.72676
0 0 1 -0.14819
1 0 0 0.456
0 1 0 0.72737
0 0 1 -0.14753
1 0 0 0.456
0 1 0 0.72799
0 0 1 -0.14685
1 0 0 0.456
0 1 0 0.72863
0 0 1 -0.14615
1 0 0 0.456
0 1 0 0.72927
0 0 1 -0.14542
1 0 0 0.456
0 1 0 0.72993
0 0 1 -0.14467
1 0 0 0.456
0 1 0 0.73061
0 0 1 -0.1439
1 0 0 0.456
0 1 0 0.73129
0 0 1 -0.1431
1 0 0 0.456
0 1 0 0.73198
0 0 1 -0.14229
1 0 0 0.456
0 1 0 0.73269
0 0 1 -0.14145
1 0 0 0.456
0 1 0 0.73341
0 0 1 -0.14058
1 0 0 0.456
0 1 0 0.73414
0 0 1 -0.1397
1 0 0 0.456
0 1 0 0.73488
0 0 1 -0.1388
1 0 0 0.456
0 1 0 0.73563
0 0 1 -0.13787
1 0 0 0.456
0 1 0 0.7364
0 0 1 -0.13693
1 0 0 0.456
0 1 0 0.73717
0 0 1 -0.13596
1 0 0 0.456
0 1 0 0.73796
0 0 1 -0.13497
1 0 0 0.456
0 1 0 0.73875
0 0 1 -0.13397
1 0 0 0.456
0 1 0 0.73956
0 0 1 -0.13294
1 0 0 0.456
0 1 0 0.74038
0 0 1 -0.1319
1 0 0 0.456
0 1 0 0.74121
0 0 1 -0.13084
1 0 0 0.456
0 1 0 0.74204
0 0 1 -0.12976
1 0 0 0.456
0 1 0 0.74289
0 0 1 -0.12866
1 0 0 0.456
0 1 0 0.74375
0 0 1 -0.12755
1 0 0 0.456
0 1 0 0.74462
0 0 1 -0.12642
1 0 0 0.456
0 1 0 0.7455
0 0 1 -0.12527
1 0 0 0.456
0 1 0 0.74639
0 0 1 -0.1241
1 0 0 0.456
0 1 0 0.74728
0 0 1 -0.12292
1 0 0 0.456
0 1 0 0.74819
0 0 1 -0.12172
1 0 0 0.456
0 1 0 0.74911
0 0 1 -0.12051
1 0 0 0.456
0 1 0 0.75003
0 0 1 -0.11928
1 0 0 0.456
0 1 0 0.75097
0 0 1 -0.11804
1 0 0 0.456
0 1 0 0.75191
0 0 1 -0.11678
1 0 0 0.456
0 1 0 0.75287
0 0 1 -0.11551
1 0 0 0.456
0 1 0 0.75383
0 0 1 -0.11422
1 0 0 0.456
0 1 0 0.7548
0 0 1 -0.11292
1 0 0 0.456
0 1 0 0.75578
0 0 1 -0.11161
1 0 0 0.456
0 1 0 0.75677
0 0 1 -0.11028
1 0 0 0.456
0 1 0 0.75777
0 0 1 -0.10895
1 0 0 0.456
0 1 0 0.75877
0 0 1 -0.1076
1 0 0 0.456
0 1 0 0.75979
0 0 1 -0.10623
1 0 0 0.456
0 1 0 0.76081
0 0 1 -0.10486
1 0 0 0.456
0 1 0 0.76184
0 0 1 -0.10347
1 0 0 0.456
0 1 0 0.76288
0 0 1 -0.10208
1 0 0 0.456
0 1 0 0.76392
0 0 1 -0.10067
1 0 0 0.456
0 1 0 0.76498
0 0 1 -0.099255
1 0 0 0.456
0 1 0 0.76604
0 0 1 -0.097828
1 0 0 0.456
0 1 0 0.76711
0 0 1 -0.096391
1 0 0 0.456
0 1 0 0.76818
0 0 1 -0.094945
1 0 0 0.456
0 1 0 0.76926
0 0 1 -0.09349
1 0 0 0.456
0 1 0 0.77035
0 0 1 -0.092027
1 0 0 0.456
0 1 0 0.77145
0 0 1 -0.090555
1 0 0 0.456
0 1 0 0.77256
0 0 1 -0.089075
1 0 0 0.456
0 1 0 0.77367
0 0 1 -0.087587
1 0 0 0.456
0 1 0 0.77479
0 0 1 -0.086092
1 0 0 0.456
0 1 0 0.77591
0 0 1 -0.08459
1 0 0 0.456
0 1 0 0.77704
0 0 1 -0.083081
1 0 0 0.456
0 1 0 0.77818
0 0 1 -0.081566
1 0 0 0.456
0 1 0 0.77932
0 0 1 -0.080045
1 0 0 0.456
0 1 0 0.78047
0 0 1 -0.078518
1 0 0 0.456
0 1 0 0.78163
0 0 1 -0.076986
1 0 0 0.456
0 1 0 0.78279
0 0 1 -0.075449
1 0 0 0.456
0 1 0 0.78396
0 0 1 -0.073907
1 0 0 0.456
0 1 0 0.78513
0 0 1 -0.072361
1 0 0 0.456
0 1 0 0.78631
0 0 1 -0.07081
1 0 0 0.456
0 1 0 0.78749
0 0 1 -0.069256
1 0 0 0.456
0 1 0 0.78868
0 0 1 -0.067698
1 0 0 0.456
0 1 0 0.78988
0 0 1 -0.066138
1 0 0 0.456
0 1 0 0.79108
0 0 1 -0.064574
1 0 0 0.456
0 1 0 0.79229
0 0 1 -0.063008
1 0 0 0.456
0 1 0 0.7935
0 0 1 -0.06144
1 0 0 0.456
0 1 0 0.79471
0 0 1 -0.059871
1 0 0 0.456
0 1 0 0.79593
0 0 1 -0.058299
1 0 0 0.456
0 1 0 0.79716
0 0 1 -0.056727
1 0 0 0.456
0 1 0 0.79839
0 0 1 -0.055154
1 0 0 0.456
0 1 0 0.79962
0 0 1 -0.05358
1 0 0 0.456
0 1 0 0.80086
0 0 1 -0.052006
1 0 0 0.456
0 1 0 0.8021
0 0 1 -0.050433
1 0 0 0.456
0 1 0 0.80335
0 0 1 -0.04886
1 0 0 0.456
0 1 0 0.8046
0 0 1 -0.047287
1 0 0 0.456
0 1 0 0.80585
0 0 1 -0.045716
1 0 0 0.456
0 1 0 0.80711
0 0 1 -0.044147
1 0 0 0.456
0 1 0 0.80837
0 0 1 -0.042579
1 0 0 0.456
0 1 0 0.80964
0 0 1 -0.041013
1 0 0 0.456
0 1 0 0.81091
0 0 1 -0.03945
1 0 0 0.456
0 1 0 0.81218
0 0 1 -0.03789
1 0 0 0.456
0 1 0 0.81346
0 0 1 -0.036332
1 0 0 0.456
0 1 0 0.81474
0 0 1 -0.034779
1 0 0 0.456
0 1 0 0.81602
0 0 1 -0.033229
1 0 0 0.456
0 1 0 0.8173
0 0 1 -0.031683
1 0 0 0.456
0 1 0 0.81859
0 0 1 -0.030141
1 0 0 0.456
0 1 0 0.81988
0 0 1 -0.028605
1 0 0 0.456
0 1 0 0.82117
0 0 1 -0.027073
1 0 0 0.456
0 1 0 0.82247
0 0 1 -0.025547
1 0 0 0.456
0 1 0 0.82377
0 0 1 -0.024026
1 0 0 0.456
0 1 0 0.82506
0 0 1 -0.022512
1 0 0 0.456
0 1 0 0.82637
0 0 1 -0.021004
1 0 0 0.456
0 1 0 0.82767
0 0 1 -0.019503
1 0 0 0.456
0 1 0 0.82898
0 0 1 -0.018009
1 0 0 0.456
0 1 0 0.83028
0 0 1 -0.016522
1 0 0 0.456
0 1 0 0.83159
0 0 1 -0.015043
1 0 0 0.456
0 1 0 0.8329
0 0 1 -0.013572
1 0 0 0.456
0 1 0 0.83422
0 0 1 -0.012109
1 0 0 0.456
0 1 0 0.83553
0 0 1 -0.010655
1 0 0 0.456
0 1 0 0.83685
0 0 1 -0.00921
1 0 0 0.456
0 1 0 0.83816
0 0 1 -0.0077744
1 0 0 0.456
0 1 0 0.83948
0 0 1 -0.0063485
1 0 0 0.456
0 1 0 0.8408
0 0 1 -0.0049326
1 0 0 0.456
0 1 0 0.84212
0 0 1 -0.003527
1 0 0 0.456
0 1 0 0.84344
0 0 1 -0.002132
1 0 0 0.456
0 1 0 0.84476
0 0 1 -0.00074806
1 0 0 0.456
0 1 0 0.84608
0 0 1 0.00062459
1 0 0 0.456
0 1 0 0.8474
0 0 1 0.0019856
1 0 0 0.456
0 1 0 0.84872
0 0 1 0.0033346
1 0 0 0.456
0 1 0 0.85004
0 0 1 0.0046714
1 0 0 0.456
0 1 0 0.85137
0 0 1 0.0059955
1 0 0 0.456
0 1 0 0.85269
0 0 1 0.0073067
1 0 0 0.456
0 1 0 0.85401
0 0 1 0.0086046
1 0 0 0.456
0 1 0 0.85533
0 0 1 0.0098889
1 0 0 0.456
0 1 0 0.85665
0 0 1 0.011159
1 0 0 0.456
0 1 0 0.85797
0 0 1 0.012415
1 0 0 0.456
0 1 0 0.85929
0 0 1 0.013657
1 0 0 0.456
0 1 0 0.86061
0 0 1 0.014883
1 0 0 0.456
0 1 0 0.86193
0 0 1 0.016095
1 0 0 0.456
0 1 0 0.86325
0 0 1 0.017291
1 0 0 0.456
0 1 0 0.86457
0 0 1 0.018471
1 0 0 0.456
0 1 0 0.86588
0 0 1 0.019634
1 0 0 0.456
0 1 0 0.8672
0 0 1 0.020781
1 0 0 0.456
0 1 0 0.86851
0 0 1 0.021912
1 0 0 0.456
0 1 0 0.86982
0 0 1 0.023025
1 0 0 0.456
0 1 0 0.87113
0 0 1 0.02412
1 0 0 0.456
0 1 0 0.87244
0 0 1 0.025198
1 0 0 0.456
0 1 0 0.87375
0 0 1 0.026257
1 0 0 0.456
0 1 0 0.87505
0 0 1 0.027298
1 0 0 0.456
0 1 0 0.87635
0 0 1 0.02832
1 0 0 0.456
0 1 0 0.87765
0 0 1 0.029323
1 0 0 0.456
0 1 0 0.87895
0 0 1 0.030307
1 0 0 0.456
0 1 0 0.88025
0 0 1 0.03127
1 0 0 0.456
0 1 0 0.88154
0 0 1 0.032214
1 0 0 0.456
0 1 0 0.88283
0 0 1 0.033137
1 0 0 0.456
0 1 0 0.88412
0 0 1 0.034039
1 0 0 0.456
0 1 0 0.88541
0 0 1 0.03492
1 0 0 0.456
0 1 0 0.88669
0 0 1 0.03578
1 0 0 0.456
0 1 0 0.88797
0 0 1 0.036617
1 0 0 0.456
0 1 0 0.88925
0 0 1 0.037433
1 0 0 0.456
0 1 0 0.89052
0 0 1 0.038226
1 0 0 0.456
0 1 0 0.89179
0 0 1 0.038997
1 0 0 0.456
0 1 0 0.89306
0 0 1 0.039744
1 0 0 0.456
0 1 0 0.89432
0 0 1 0.040468
1 0 0 0.456
0 1 0 0.89558
0 0 1 0.041168
1 0 0 0.456
0 1 0 0.89683
0 0 1 0.041844
1 0 0 0.456
0 1 0 0.89809
0 0 1 0.042496
1 0 0 0.456
0 1 0 0.89933
0 0 1 0.043123
1 0 0 0.456
0 1 0 0.90058
0 0 1 0.043725
1 0 0 0.456
0 1 0 0.90182
0 0 1 0.044301
1 0 0 0.456
0 1 0 0.90305
0 0 1 0.044852
1 0 0 0.456
0 1 0 0.90428
0 0 1 0.045377
1 0 0 0.456
0 1 0 0.90551
0 0 1 0.045875
1 0 0 0.456
0 1 0 0.90673
0 0 1 0.046347
1 0 0 0.456
0 1 0 0.90795
0 0 1 0.046792
1 0 0 0.456
0 1 0 0.90916
0 0 1 0.047209
1 0 0 0.456
0 1 0 0.91037
0 0 1 0.047599
1 0 0 0.456
0 1 0 0.91157
0 0 1 0.04796
1 0 0 0.456
0 1 0 0.91277
0 0 1 0.048294
1 0 0 0.456
0 1 0 0.91396
0 0 1 0.048598
1 0 0 0.456
0 1 0 0.91515
0 0 1 0.048874
1 0 0 0.456
0 1 0 0.91633
0 0 1 0.04912
1 0 0 0.456
0 1 0 0.9175
0 0 1 0.049337
1 0 0 0.456
0 1 0 0.91867
0 0 1 0.049524
1 0 0 0.456
0 1 0 0.91984
0 0 1 0.04968
1 0 0 0.456
0 1 0 0.921
0 0 1 0.049806
1 0 0 0.456
0 1 0 0.92215
0 0 1 0.049901
1 0 0 0.456
0 1 0 0.92329
0 0 1 0.049964
1 0 0 0.456
0 1 0 0.92443
0 0 1 0.049996
1 0 0 0.456
0 1 0 0.92557
0 0 1 0.049997
1 0 0 0.456
0 1 -1.2533e-05 0.92671
0 1.2533e-05 1 0.049971
1 0 0 0.456
0 1 -4.9847e-05 0.92786
0 4.9847e-05 1 0.04992
1 0 0 0.456
0 1 -0.00011151 0.92902
0 0.00011151 1 0.049844
1 0 0 0.456
0 1 -0.0001971 0.93019
0 0.0001971 1 0.049743
1 0 0 0.456
0 1 -0.00030619 0.93137
0 0.00030619 1 0.049618
1 0 0 0.456
0 1 -0.00043834 0.93256
0 0.00043834 1 0.049467
1 0 0 0.456
0 1 -0.00059313 0.93376
0 0.00059313 1 0.049293
1 0 0 0.456
0 1 -0.00077013 0.93496
0 0.00077013 1 0.049095
1 0 0 0.456
0 1 -0.0009689 0.93618
0 0.0009689 1 0.048872
1 0 0 0.456
0 1 -0.001189 0.9374
0 0.001189 1 0.048626
1 0 0 0.456
0 1 -0.0014301 0.93863
0 0.0014301 1 0.048357
1 0 0 0.456
0 1 -0.0016916 0.93986
0 0.0016916 1 0.048065
1 0 0 0.456
0 1 -0.0019733 0.94111
0 0.0019733 1 0.047749
1 0 0 0.456
0 1 -0.0022745 0.94236
0 0.0022745 1 0.047411
1 0 0 0.456
0 1 -0.002595 0.94362
0 0.002595 1 0.047051
1 0 0 0.456
0 1 -0.0029342 0.94489
0 0.0029342 1 0.046668
1 0 0 0.456
0 0.99999 -0.0032918 0.94616
0 0.0032918 0.99999 0.046263
1 0 0 0.456
0 0.99999 -0.0036674 0.94744
0 0.0036674 0.99999 0.045836
1 0 0 0.456
0 0.99999 -0.0040604 0.94872
0 0.0040604 0.99999 0.045387
1 0 0 0.456
0 0.99999 -0.0044705 0.95002
0 0.0044705 0.99999 0.044917
1 0 0 0.456
0 0.99999 -0.0048972 0.95132
0 0.0048972 0.99999 0.044426
1 0 0 0.456
0 0.99999 -0.0053401 0.95262
0 0.0053401 0.99999 0.043914
1 0 0 0.456
0 0.99998 -0.0057989 0.95393
0 0.0057989 0.99998 0.043381
1 0 0 0.456
0 0.99998 -0.0062729 0.95525
0 0.0062729 0.99998 0.042828
1 0 0 0.456
0 0.99998 -0.0067619 0.95657
0 0.0067619 0.99998 0.042254
1 0 0 0.456
0 0.99997 -0.0072654 0.9579
0 0.0072654 0.99997 0.04166
1 0 0 0.456
0 0.99997 -0.007783 0.95924
0 0.007783 0.99997 0.041046
1 0 0 0.456
0 0.99997 -0.0083142 0.96057
0 0.0083142 0.99997 0.040413
1 0 0 0.456
0 0.99996 -0.0088586 0.96192
0 0.0088586 0.99996 0.03976
1 0 0 0.456
0 0.99996 -0.0094158 0.96327
0 0.0094158 0.99996 0.039087
1 0 0 0.456
0 0.99995 -0.0099853 0.96462
0 0.0099853 0.99995 0.038396
1 0 0 0.456
0 0.99994 -0.010567 0.96598
0 0.010567 0.99994 0.037686
1 0 0 0.456
0 0.99994 -0.01116 0.96734
0 0.01116 0.99994 0.036958
1 0 0 0.456
0 0.99993 -0.011764 0.9687
0 0.011764 0.99993 0.036211
1 0 0 0.456
0 0.99992 -0.012378 0.97007
0 0.012378 0.99992 0.035446
1 0 0 0.456
0 0.99992 -0.013003 0.97145
0 0.013003 0.99992 0.034662
1 0 0 0.456
0 0.99991 -0.013638 0.97283
0 0.013638 0.99991 0.033862
1 0 0 0.456
0 0.9999 -0.014282 0.97421
0 0.014282 0.9999 0.033043
1 0 0 0.456
0 0.99989 -0.014935 0.97559
0 0.014935 0.99989 0.032208
1 0 0 0.456
0 0.99988 -0.015596 0.97698
0 0.015596 0.99988 0.031355
1 0 0 0.456
0 0.99987 -0.016266 0.97837
0 0.016266 0.99987 0.030486
1 0 0 0.456
0 0.99986 -0.016943 0.97976
0 0.016943 0.99986 0.0296
1 0 0 0.456
0 0.99984 -0.017627 0.98116
0 0.017627 0.99984 0.028697
1 0 0 0.456
0 0.99983 -0.018318 0.98256
0 0.018318 0.99983 0.027779
1 0 0 0.456
0 0.99982 -0.019015 0.98396
0 0.019015 0.99982 0.026844
1 0 0 0.456
0 0.99981 -0.019719 0.98536
0 0.019719 0.99981 0.025894
1 0 0 0.456
0 0.99979 -0.020428 0.98676
0 0.020428 0.99979 0.024928
1 0 0 0.456
0 0.99978 -0.021141 0.98817
0 0.021141 0.99978 0.023946
1 0 0 0.456
0 0.99976 -0.02186 0.98958
0 0.02186 0.99976 0.02295
1 0 0 0.456
0 0.99974 -0.022583 0.99099
0 0.022583 0.99974 0.021939
1 0 0 0.456
0 0.99973 -0.023309 0.9924
0 0.023309 0.99973 0.020913
1 0 0 0.456
0 0.99971 -0.024039 0.99381
0 0.024039 0.99971 0.019873
1 0 0 0.456
0 0.99969 -0.024772 0.99523
0 0.024772 0.99969 0.018818
1 0 0 0.456
0 0.99967 -0.025507 0.99664
0 0.025507 0.99967 0.01775
1 0 0 0.456
0 0.99966 -0.026244 0.99806
0 0.026244 0.99966 0.016667
1 0 0 0.456
0 0.99964 -0.026983 0.99947
0 0.026983 0.99964 0.015572
1 0 0 0.456
0 0.99962 -0.027723 1.0009
0 0.027723 0.99962 0.014462
1 0 0 0.456
0 0.99959 -0.028464 1.0023
0 0.028464 0.99959 0.01334
1 0 0 0.456
0 0.99957 -0.029205 1.0037
0 0.029205 0.99957 0.012205
1 0 0 0.456
0 0.99955 -0.029946 1.0051
0 0.029946 0.99955 0.011057
1 0 0 0.456
0 0.99953 -0.030687 1.0066
0 0.030687 0.99953 0.0098963
1 0 0 0.456
0 0.99951 -0.031427 1.008
0 0.031427 0.99951 0.0087236
1 0 0 0.456
0 0.99948 -0.032165 1.0094
0 0.032165 0.99948 0.0075389
1 0 0 0.456
0 0.99946 -0.032901 1.0108
0 0.032901 0.99946 0.0063423
1 0 0 0.456
0 0.99943 -0.033636 1.0122
0 0.033636 0.99943 0.0051341
1 0 0 0.456
0 0.99941 -0.034367 1.0136
0 0.034367 0.99941 0.0039146
1 0 0 0.456
0 0.99938 -0.035096 1.015
0 0.035096 0.99938 0.0026839
1 0 0 0.456
0 0.99936 -0.035821 1.0164
0 0.035821 0.99936 0.0014422
1 0 0 0.456
0 0.99933 -0.036542 1.0179
0 0.036542 0.99933 0.00018979
1 0 0 0.456
0 0.99931 -0.037259 1.0193
0 0.037259 0.99931 -0.0010731
1 0 0 0.456
0 0.99928 -0.03797 1.0207
0 0.03797 0.99928 -0.0023463
1 0 0 0.456
0 0.99925 -0.038677 1.0221
0 0.038677 0.99925 -0.0036296
1 0 0 0.456
0 0.99922 -0.039378 1.0235
0 0.039378 0.99922 -0.0049227
1 0 0 0.456
0 0.9992 -0.040073 1.0249
0 0.040073 0.9992 -0.0062255
1 0 0 0.456
0 0.99917 -0.040761 1.0263
0 0.040761 0.99917 -0.0075377
1 0 0 0.456
0 0.99914 -0.041443 1.0277
0 0.041443 0.99914 -0.0088591
1 0 0 0.456
0 0.99911 -0.042117 1.029
0 0.042117 0.99911 -0.010189
1 0 0 0.456
0 0.99908 -0.042783 1.0304
0 0.042783 0.99908 -0.011529
1 0 0 0.456
0 0.99906 -0.043441 1.0318
0 0.043441 0.99906 -0.012876
1 0 0 0.456
0 0.99903 -0.044091 1.0332
0 0.044091 0.99903 -0.014232
1 0 0 0.456
0 0.999 -0.044731 1.0346
0 0.044731 0.999 -0.015597
1 0 0 0.456
0 0.99897 -0.045362 1.0359
0 0.045362 0.99897 -0.016969
1 0 0 0.456
0 0.99894 -0.045983 1.0373
0 0.045983 0.99894 -0.018348
1 0 0 0.456
0 0.99891 -0.046593 1.0387
0 0.046593 0.99891 -0.019735
1 0 0 0.456
0 0.99889 -0.047193 1.04
0 0.047193 0.99889 -0.02113
1 0 0 0.456
0 0.99886 -0.047782 1.0414
0 0.047782 0.99886 -0.022531
1 0 0 0.456
0 0.99883 -0.048359 1.0427
0 0.048359 0.99883 -0.023939
1 0 0 0.456
0 0.9988 -0.048923 1.0441
0 0.048923 0.9988 -0.025354
1 0 0 0.456
0 0.99878 -0.049476 1.0454
0 0.049476 0.99878 -0.026775
1 0 0 0.456
0 0.99875 -0.050015 1.0468
0 0.050015 0.99875 -0.028203
1 0 0 0.456
0 0.99872 -0.050541 1.0481
0 0.050541 0.99872 -0.029636
1 0 0 0.456
0 0.9987 -0.051053 1.0494
0 0.051053 0.9987 -0.031075
1 0 0 0.456
0 0.99867 -0.051551 1.0507
0 0.051551 0.99867 -0.032519
1 0 0 0.456
0 0.99865 -0.052035 1.0521
0 0.052035 0.99865 -0.033969
1 0 0 0.456
0 0.99862 -0.052503 1.0534
0 0.052503 0.99862 -0.035424
1 0 0 0.456
0 0.9986 -0.052956 1.0547
0 0.052956 0.9986 -0.036884
1 0 0 0.456
0 0.99857 -0.053393 1.056
0 0.053393 0.99857 -0.038348
1 0 0 0.456
0 0.99855 -0.053814 1.0573
0 0.053814 0.99855 -0.039816
1 0 0 0.456
0 0.99853 -0.054218 1.0585
0 0.054218 0.99853 -0.041289
1 0 0 0.456
0 0.99851 -0.054604 1.0598
0 0.054604 0.99851 -0.042766
1 0 0 0.456
0 0.99849 -0.054973 1.0611
0 0.054973 0.99849 -0.044247
1 0 0 0.456
0 0.99847 -0.055324 1.0624
0 0.055324 0.99847 -0.045731
1 0 0 0.456
0 0.99845 -0.055657 1.0636
0 0.055657 0.99845 -0.047218
1 0 0 0.456
0 0.99843 -0.05597 1.0649
0 0.05597 0.99843 -0.048709
1 0 0 0.456
0 0.99842 -0.056265 1.0661
0 0.056265 0.99842 -0.050202
1 0 0 0.456
0 0.9984 -0.056539 1.0673
0 0.056539 0.9984 -0.051698
1 0 0 0.456
0 0.99839 -0.056794 1.0686
0 0.056794 0.99839 -0.053196
1 0 0 0.456
0 0.99837 -0.057027 1.0698
0 0.057027 0.99837 -0.054697
1 0 0 0.456
0 0.99836 -0.05724 1.071
0 0.05724 0.99836 -0.0562
1 0 0 0.456
0 0.99835 -0.057431 1.0722
0 0.057431 0.99835 -0.057704
1 0 0 0.456
0 0.99834 -0.057601 1.0734
0 0.057601 0.99834 -0.05921
1 0 0 0.456
0 0.99833 -0.057748 1.0746
0 0.057748 0.99833 -0.060717
1 0 0 0.456
0 0.99832 -0.057872 1.0758
0 0.057872 0.99832 -0.062226
1 0 0 0.456
0 0.99832 -0.057973 1.0769
0 0.057973 0.99832 -0.063735
1 0 0 0.456
0 0.99831 -0.058051 1.0781
0 0.058051 0.99831 -0.065245
1 0 0 0.456
0 0.99831 -0.058104 1.0792
0 0.058104 0.99831 -0.066756
1 0 0 0.456
0 0.99831 -0.058133 1.0804
0 0.058133 0.99831 -0.068267
1 0 0 0.456
0 0.99831 -0.058138 1.0815
0 0.058138 0.99831 -0.069778
1 0 0 0.456
0 0.99831 -0.058116 1.0826
0 0.058116 0.99831 -0.071288
1 0 0 0.456
0 0.99831 -0.058069 1.0837
0 0.058069 0.99831 -0.072798
1 0 0 0.456
0 0.99832 -0.057996 1.0848
0 0.057996 0.99832 -0.074308
1 0 0 0.456
0 0.99832 -0.057897 1.0859
0 0.057897 0.99832 -0.075817
1 0 0 0.456
0 0.99833 -0.05777 1.087
0 0.05777 0.99833 -0.077325
1 0 0 0.456
0 0.99834 -0.057616 1.0881
0 0.057616 0.99834 -0.078831
1 0 0 0.456
0 0.99835 -0.057434 1.0891
0 0.057434 0.99835 -0.080336
1 0 0 0.456
0 0.99836 -0.057224 1.0902
0 0.057224 0.99836 -0.081839
1 0 0 0.456
0 0.99838 -0.056985 1.0912
0 0.056985 0.99838 -0.083341
1 0 0 0.456
0 0.99839 -0.056717 1.0922
0 0.056717 0.99839 -0.08484
1 0 0 0.456
0 0.99841 -0.056419 1.0932
0 0.056419 0.99841 -0.086337
1 0 0 0.456
0 0.99843 -0.056091 1.0942
0 0.056091 0.99843 -0.087831
1 0 0 0.456
0 0.99845 -0.055733 1.0952
0 0.055733 0.99845 -0.089322
1 0 0 0.456
0 0.99847 -0.055344 1.0962
0 0.055344 0.99847 -0.090811
1 0 0 0.456
0 0.99849 -0.054923 1.0972
0 0.054923 0.99849 -0.092296
1 0 0 0.456
0 0.99852 -0.054471 1.0981
0 0.054471 0.99852 -0.093778
1 0 0 0.456
0 0.99854 -0.053987 1.0991
0 0.053987 0.99854 -0.095256
1 0 0 0.456
0 0.99857 -0.05347 1.1
0 0.05347 0.99857 -0.09673
1 0 0 0.456
0 0.9986 -0.05292 1.1009
0 0.05292 0.9986 -0.0982
1 0 0 0.456
0 0.99863 -0.052336 1.1018
0 0.052336 0.99863 -0.099666
1 0 0 0.456
0 0.99866 -0.051719 1.1027
0 0.051719 0.99866 -0.10113
1 0 0 0.456
0 0.9987 -0.051067 1.1036
0 0.051067 0.9987 -0.10258
1 0 0 0.456
0 0.99873 -0.050381 1.1045
0 0.050381 0.99873 -0.10403
1 0 0 0.456
0 0.99877 -0.049659 1.1053
0 0.049659 0.99877 -0.10548
1 0 0 0.456
0 0.9988 -0.048902 1.1061
0 0.048902 0.9988 -0.10692
1 0 0 0.456
0 0.99884 -0.048109 1.107
0 0.048109 0.99884 -0.10836
1 0 0 0.456
0 0.99888 -0.047279 1.1078
0 0.047279 0.99888 -0.10979
1 0 0 0.456
0 0.99892 -0.046412 1.1086
0 0.046412 0.99892 -0.11121
1 0 0 0.456
0 0.99896 -0.045508 1.1094
0 0.045508 0.99896 -0.11263
1 0 0 0.456
0 0.99901 -0.044566 1.1101
0 0.044566 0.99901 -0.11404
1 0 0 0.456
0 0.99905 -0.043586 1.1109
0 0.043586 0.99905 -0.11544
1 0 0 0.456
0 0.99909 -0.042568 1.1116
0 0.042568 0.99909 -0.11684
1 0 0 0.456
0 0.99914 -0.04151 1.1123
0 0.04151 0.99914 -0.11823
1 0 0 0.456
0 0.99918 -0.040413 1.113
0 0.040413 0.99918 -0.11961
1 0 0 0.456
0 0.99923 -0.039275 1.1137
0 0.039275 0.99923 -0.12098
1 0 0 0.456
0 0.99927 -0.038098 1.1144
0 0.038098 0.99927 -0.12235
1 0 0 0.456
0 0.99932 -0.036879 1.1151
0 0.036879 0.99932 -0.12371
1 0 0 0.456
0 0.99937 -0.03562 1.1157
0 0.03562 0.99937 -0.12506
1 0 0 0.456
0 0.99941 -0.034319 1.1163
0 0.034319 0.99941 -0.1264
1 0 0 0.456
0 0.99946 -0.032975 1.1169
0 0.032975 0.99946 -0.12774
1 0 0 0.456
0 0.9995 -0.031589 1.1175
0 0.031589 0.9995 -0.12906
1 0 0 0.456
0 0.99955 -0.030161 1.1181
0 0.030161 0.99955 -0.13038
1 0 0 0.456
0 0.99959 -0.028688 1.1187
0 0.028688 0.99959 -0.13168
1 0 0 0.456
0 0.99963 -0.027172 1.1192
0 0.027172 0.99963 -0.13298
1 0 0 0.456
0 0.99967 -0.025612 1.1197
0 0.025612 0.99967 -0.13426
1 0 0 0.456
0 0.99971 -0.024007 1.1203
0 0.024007 0.99971 -0.13554
1 0 0 0.456
0 0.99975 -0.022357 1.1208
0 0.022357 0.99975 -0.13681
1 0 0 0.456
0 0.99979 -0.020661 1.1212
0 0.020661 0.99979 -0.13806
1 0 0 0.456
0 0.99982 -0.01892 1.1217
0 0.01892 0.99982 -0.13931
1 0 0 0.456
0 0.99985 -0.017132 1.1221
0 0.017132 0.99985 -0.14054
1 0 0 0.456
0 0.99988 -0.015297 1.1226
0 0.015297 0.99988 -0.14177
1 0 0 0.456
0 0.99991 -0.013415 1.123
0 0.013415 0.99991 -0.14298
1 0 0 0.456
0 0.99993 -0.011485 1.1233
0 0.011485 0.99993 -0.14418
1 0 0 0.456
0 0.99995 -0.009507 1.1237
0 0.009507 0.99995 -0.14537
1 0 0 0.456
0 0.99997 -0.0074806 1.1241
0 0.0074806 0.99997 -0.14654
1 0 0 0.456
0 0.99999 -0.0054053 1.1244
0 0.0054053 0.99999 -0.14771
1 0 0 0.456
0 0.99999 -0.0032806 1.1247
0 0.0032806 0.99999 -0.14886
1 0 0 0.456
0 1 -0.0011061 1.125
0 0.0011061 1 -0.15
1 0 0 0.456
0 1 0 1.1253
0 0 1 -0.15113
1 3.0998e-08 -2.7309e-05 0.456
3.0998e-08 1 0.0022702 1.1255
2.7309e-05 -0.0022702 1 -0.15227
1 2.5149e-07 -0.00010862 0.456
2.5149e-07 0.99999 0.0046307 1.1258
0.00010862 -0.0046307 0.99999 -0.1534
1 8.6028e-07 -0.000243 0.456
8.6028e-07 0.99997 0.0070804 1.126
0.000243 -0.0070804 0.99997 -0.15453
1 2.0657e-06 -0.00042953 0.456
2.0657e-06 0.99995 0.009618 1.1262
0.00042953 -0.009618 0.99995 -0.15567
1 4.0848e-06 -0.00066729 0.456
4.0848e-06 0.99993 0.012242 1.1264
0.00066729 -0.012242 0.99992 -0.1568
1 7.1428e-06 -0.00095534 0.456
7.1428e-06 0.99989 0.014953 1.1265
0.00095534 -0.014953 0.99989 -0.15793
1 1.1472e-05 -0.0012927 0.456
1.1472e-05 0.99984 0.017747 1.1267
0.0012927 -0.017747 0.99984 -0.15907
1 1.7313e-05 -0.0016786 0.456
1.7313e-05 0.99979 0.020625 1.1268
0.0016786 -0.020625 0.99979 -0.1602
1 2.4909e-05 -0.0021119 0.456
2.4909e-05 0.99972 0.023586 1.1269
0.0021119 -0.023586 0.99972 -0.16133
1 3.4513e-05 -0.0025918 0.456
3.4513e-05 0.99965 0.026627 1.127
0.0025918 -0.026627 0.99964 -0.16246
1 4.6379e-05 -0.0031174 0.456
4.6379e-05 0.99956 0.029748 1.1271
0.0031174 -0.029748 0.99955 -0.1636
0.99999 6.0767e-05 -0.0036876 0.456
6.0767e-05 0.99946 0.032948 1.1271
0.0036876 -0.032948 0.99945 -0.16473
0.99999 7.794e-05 -0.0043016 0.456
7.794e-05 0.99934 0.036226 1.1272
0.0043016 -0.036226 0.99933 -0.16586
0.99999 9.8164e-05 -0.0049584 0.456
9.8164e-05 0.99922 0.03958 1.1272
0.0049584 -0.03958 0.9992 -0.167
0.99998 0.00012171 -0.005657 0.456
0.00012171 0.99907 0.043009 1.1272
0.005657 -0.043009 0.99906 -0.16813
0.99998 0.00014884 -0.0063966 0.456
0.00014884 0.99892 0.046512 1.1272
0.0063966 -0.046512 0.9989 -0.16926
0.99997 0.00017983 -0.0071762 0.456
0.00017983 0.99874 0.050087 1.1271
0.0071762 -0.050087 0.99872 -0.1704
0.99997 0.00021496 -0.0079948 0.456
0.00021496 0.99856 0.053734 1.1271
0.0079948 -0.053734 0.99852 -0.17153
0.99996 0.00025448 -0.0088514 0.456
0.00025448 0.99835 0.057452 1.127
0.0088514 -0.057452 0.99831 -0.17266
0.99995 0.00029868 -0.0097452 0.456
0.00029868 0.99812 0.061238 1.127
0.0097452 -0.061238 0.99808 -0.1738
0.99994 0.00034782 -0.010675 0.456
0.00034782 0.99788 0.065093 1.1269
0.010675 -0.065093 0.99782 -0.17493
0.99993 0.00040217 -0.01164 0.456
0.00040217 0.99762 0.069014 1.1268
0.01164 -0.069014 0.99755 -0.17606
0.99992 0.00046199 -0.01264 0.456
0.00046199 0.99733 0.073 1.1266
0.01264 -0.073 0.99725 -0.1772
0.99991 0.00052755 -0.013673 0.456
0.00052755 0.99703 0.077051 1.1265
0.013673 -0.077051 0.99693 -0.17833
0.99989 0.0005991 -0.014738 0.456
0.0005991 0.9967 0.081164 1.1263
0.014738 -0.081164 0.99659 -0.17946
0.99987 0.00067691 -0.015834 0.456
0.00067691 0.99635 0.085339 1.1262
0.015834 -0.085339 0.99623 -0.18059
0.99986 0.00076121 -0.016961 0.456
0.00076121 0.99598 0.089574 1.126
0.016961 -0.089574 0.99584 -0.18173
0.99984 0.00085227 -0.018117 0.456
0.00085227 0.99558 0.093869 1.1258
0.018117 -0.093869 0.99542 -0.18286
0.99981 0.00095031 -0.019302 0.456
0.00095031 0.99516 0.098221 1.1256
0.019302 -0.098221 0.99498 -0.18399
0.99979 0.0010556 -0.020514 0.456
0.0010556 0.99472 0.10263 1.1253
0.020514 -0.10263 0.99451 -0.18513
0.99976 0.0011683 -0.021753 0.456
0.0011683 0.99425 0.10709 1.1251
0.021753 -0.10709 0.99401 -0.18626
0.99973 0.0012887 -0.023017 0.456
0.0012887 0.99375 0.11161 1.1248
0.023017 -0.11161 0.99349 -0.18739
0.9997 0.0014169 -0.024306 0.456
0.0014169 0.99323 0.11618 1.1246
0.024306 -0.11618 0.99293 -0.18853
0.99967 0.0015533 -0.025618 0.456
0.0015533 0.99268 0.1208 1.1243
0.025618 -0.1208 0.99235 -0.18966
0.99964 0.0016979 -0.026953 0.456
0.0016979 0.9921 0.12547 1.124
0.026953 -0.12547 0.99173 -0.19079
0.9996 0.0018511 -0.028309 0.456
0.0018511 0.99149 0.13019 1.1237
0.028309 -0.13019 0.99108 -0.19193
0.99956 0.0020129 -0.029686 0.456
0.0020129 0.99085 0.13496 1.1234
0.029686 -0.13496 0.99041 -0.19306
0.99951 0.0021835 -0.031083 0.456
0.0021835 0.99018 0.13977 1.123
0.031083 -0.13977 0.9897 -0.19419
0.99947 0.0023632 -0.032498 0.456
0.0023632 0.98948 0.14463 1.1227
0.032498 -0.14463 0.98895 -0.19533
0.99942 0.002552 -0.033931 0.456
0.002552 0.98875 0.14953 1.1223
0.033931 -0.14953 0.98817 -0.19646
0.99937 0.0027501 -0.03538 0.456
0.0027501 0.98799 0.15448 1.1219
0.03538 -0.15448 0.98736 -0.19759
0.99932 0.0029576 -0.036845 0.456
0.0029576 0.9872 0.15946 1.1215
0.036845 -0.15946 0.98652 -0.19873
0.99926 0.0031747 -0.038325 0.456
0.0031747 0.98637 0.16448 1.1211
0.038325 -0.16448 0.98564 -0.19986
0.9992 0.0034015 -0.039818 0.456
0.0034015 0.98552 0.16954 1.1207
0.039818 -0.16954 0.98472 -0.20099
0.99914 0.003638 -0.041324 0.456
0.003638 0.98463 0.17464 1.1203
0.041324 -0.17464 0.98376 -0.20212
0.99907 0.0038843 -0.042842 0.456
0.0038843 0.9837 0.17977 1.1199
0.042842 -0.17977 0.98277 -0.20326
0.99901 0.0041406 -0.04437 0.456
0.0041406 0.98274 0.18494 1.1194
0.04437 -0.18494 0.98175 -0.20439
0.99894 0.0044069 -0.045908 0.456
0.0044069 0.98175 0.19014 1.119
0.045908 -0.19014 0.98068 -0.20552
0.99886 0.0046833 -0.047454 0.456
0.0046833 0.98072 0.19537 1.1185
0.047454 -0.19537 0.97958 -0.20666
0.99879 0.0049697 -0.049008 0.456
0.0049697 0.97966 0.20062 1.118
0.049008 -0.20062 0.97844 -0.20779
0.99871 0.0052662 -0.050569 0.456
0.0052662 0.97856 0.20591 1.1175
0.050569 -0.20591 0.97726 -0.20892
0.99862 0.0055729 -0.052135 0.456
0.0055729 0.97742 0.21122 1.117
0.052135 -0.21122 0.97605 -0.21006
0.99854 0.0058897 -0.053706 0.456
0.0058897 0.97625 0.21656 1.1165
0.053706 -0.21656 0.97479 -0.21119
0.99845 0.0062165 -0.055281 0.456
0.0062165 0.97504 0.22193 1.116
0.055281 -0.22193 0.9735 -0.21232
0.99836 0.0065535 -0.056858 0.456
0.0065535 0.9738 0.22731 1.1155
0.056858 -0.22731 0.97216 -0.21346
0.99827 0.0069005 -0.058437 0.456
0.0069005 0.97252 0.23272 1.1149
0.058437 -0.23272 0.97079 -0.21459
0.99817 0.0072574 -0.060016 0.456
0.0072574 0.9712 0.23814 1.1144
0.060016 -0.23814 0.96937 -0.21572
0.99807 0.0076243 -0.061595 0.456
0.0076243 0.96985 0.24359 1.1138
0.061595 -0.24359 0.96792 -0.21686
0.99797 0.008001 -0.063173 0.456
0.008001 0.96846 0.24905 1.1132
0.063173 -0.24905 0.96643 -0.21799
0.99787 0.0083875 -0.064748 0.456
0.0083875 0.96703 0.25453 1.1126
0.064748 -0.25453 0.96489 -0.21912
0.99776 0.0087835 -0.066321 0.456
0.0087835 0.96556 0.26002 1.112
0.066321 -0.26002 0.96332 -0.22025
0.99765 0.009189 -0.067888 0.456
0.009189 0.96406 0.26553 1.1114
0.067888 -0.26553 0.96171 -0.22139
0.99754 0.0096039 -0.069451 0.456
0.0096039 0.96252 0.27104 1.1108
0.069451 -0.27104 0.96006 -0.22252
0.99743 0.010028 -0.071007 0.456
0.010028 0.96094 0.27657 1.1102
0.071007 -0.27657 0.95837 -0.22365
0.99731 0.010461 -0.072556 0.456
0.010461 0.95933 0.2821 1.1096
0.072556 -0.2821 0.95664 -0.22479
0.99719 0.010903 -0.074096 0.456
0.010903 0.95767 0.28765 1.109
0.074096 -0.28765 0.95487 -0.22592
0.99707 0.011353 -0.075628 0.456
0.011353 0.95598 0.2932 1.1083
0.075628 -0.2932 0.95306 -0.22705
0.99695 0.011812 -0.077149 0.456
0.011812 0.95426 0.29875 1.1077
0.077149 -0.29875 0.95121 -0.22819
0.99683 0.01228 -0.078659 0.456
0.01228 0.95249 0.30431 1.107
0.078659 -0.30431 0.94932 -0.22932
0.9967 0.012755 -0.080157 0.456
0.012755 0.95069 0.30987 1.1063
0.080157 -0.30987 0.94739 -0.23045
0.99657 0.013237 -0.081642 0.456
0.013237 0.94886 0.31543 1.1057
0.081642 -0.31543 0.94543 -0.23159
0.99645 0.013727 -0.083112 0.456
0.013727 0.94698 0.32099 1.105
0.083112 -0.32099 0.94343 -0.23272
0.99632 0.014225 -0.084568 0.456
0.014225 0.94507 0.32654 1.1043
0.084568 -0.32654 0.94139 -0.23385
0.99619 0.014729 -0.086008 0.456
0.014729 0.94313 0.3321 1.1036
0.086008 -0.3321 0.93931 -0.23499
0.99605 0.015239 -0.087431 0.456
0.015239 0.94115 0.33765 1.1029
0.087431 -0.33765 0.9372 -0.23612
0.99592 0.015756 -0.088836 0.456
0.015756 0.93913 0.34319 1.1022
0.088836 -0.34319 0.93505 -0.23725
0.99579 0.016278 -0.090223 0.456
0.016278 0.93708 0.34873 1.1015
0.090223 -0.34873 0.93287 -0.23839
0.99565 0.016806 -0.09159 0.456
0.016806 0.93499 0.35426 1.1007
0.09159 -0.35426 0.93065 -0.23952
0.99552 0.017339 -0.092936 0.456
0.017339 0.93288 0.35978 1.1
0.092936 -0.35978 0.9284 -0.24065
0.99539 0.017877 -0.094261 0.456
0.017877 0.93072 0.36529 1.0993
0.094261 -0.36529 0.92611 -0.24178
0.99525 0.018419 -0.095563 0.456
0.018419 0.92853 0.37078 1.0985
0.095563 -0.37078 0.92379 -0.24292
0.99512 0.018965 -0.096843 0.456
0.018965 0.92632 0.37627 1.0978
0.096843 -0.37627 0.92143 -0.24405
0.99499 0.019514 -0.098098 0.456
0.019514 0.92406 0.38174 1.097
0.098098 -0.38174 0.91905 -0.24518
0.99485 0.020066 -0.099327 0.456
0.020066 0.92178 0.38719 1.0963
0.099327 -0.38719 0.91663 -0.24632
0.99472 0.020621 -0.10053 0.456
0.020621 0.91947 0.39263 1.0955
0.10053 -0.39263 0.91419 -0.24745
0.99459 0.021178 -0.10171 0.456
0.021178 0.91712 0.39805 1.0947
0.10171 -0.39805 0.91171 -0.24858
0.99446 0.021736 -0.10286 0.456
0.021736 0.91474 0.40344 1.0939
0.10286 -0.40344 0.9092 -0.24972
0.99433 0.022295 -0.10398 0.456
0.022295 0.91234 0.40882 1.0932
0.10398 -0.40882 0.90667 -0.25085
0.9942 0.022855 -0.10507 0.456
0.022855 0.90991 0.41418 1.0924
0.10507 -0.41418 0.90411 -0.25198
0.99408 0.023415 -0.10613 0.456
0.023415 0.90744 0.41952 1.0916
0.10613 -0.41952 0.90152 -0.25312
0.99395 0.023975 -0.10716 0.456
0.023975 0.90495 0.42483 1.0908
0.10716 -0.42483 0.89891 -0.25425
0.99383 0.024533 -0.10816 0.456
0.024533 0.90244 0.43011 1.09
0.10816 -0.43011 0.89627 -0.25538
0.99371 0.02509 -0.10912 0.456
0.02509 0.8999 0.43538 1.0892
0.10912 -0.43538 0.89361 -0.25652
0.99359 0.025645 -0.11006 0.456
0.025645 0.89733 0.44061 1.0884
0.11006 -0.44061 0.89092 -0.25765
0.99348 0.026197 -0.11095 0.456
0.026197 0.89474 0.44582 1.0876
0.11095 -0.44582 0.88822 -0.25878
0.99337 0.026746 -0.11181 0.456
0.026746 0.89212 0.45099 1.0868
0.11181 -0.45099 0.88549 -0.25991
0.99326 0.02729 -0.11264 0.456
0.02729 0.88949 0.45614 1.086
0.11264 -0.45614 0.88275 -0.26105
0.99316 0.027831 -0.11343 0.456
0.027831 0.88683 0.46126 1.0851
0.11343 -0.46126 0.87998 -0.26218
0.99305 0.028366 -0.11418 0.456
0.028366 0.88415 0.46634 1.0843
0.11418 -0.46634 0.8772 -0.26331
0.99296 0.028895 -0.11489 0.456
0.028895 0.88144 0.4714 1.0835
0.11489 -0.4714 0.8744 -0.26445
0.99286 0.029418 -0.11557 0.456
0.029418 0.87872 0.47641 1.0827
0.11557 -0.47641 0.87159 -0.26558
0.99277 0.029934 -0.1162 0.456
0.029934 0.87599 0.4814 1.0818
0.1162 -0.4814 0.86876 -0.26671
0.99269 0.030442 -0.11679 0.456
0.030442 0.87323 0.48635 1.081
0.11679 -0.48635 0.86592 -0.26785
0.99261 0.030942 -0.11734 0.456
0.030942 0.87046 0.49126 1.0802
0.11734 -0.49126 0.86307 -0.26898
0.99253 0.031433 -0.11785 0.456
0.031433 0.86767 0.49613 1.0793
0.11785 -0.49613 0.86021 -0.27011
0.99246 0.031914 -0.11832 0.456
0.031914 0.86487 0.50097 1.0785
0.11832 -0.50097 0.85733 -0.27125
0.9924 0.032385 -0.11874 0.456
0.032385 0.86206 0.50577 1.0776
0.11874 -0.50577 0.85445 -0.27238
0.99234 0.032845 -0.11912 0.456
0.032845 0.85923 0.51053 1.0768
0.11912 -0.51053 0.85157 -0.27351
0.99228 0.033293 -0.11945 0.456
0.033293 0.85639 0.51524 1.0759
0.11945 -0.51524 0.84867 -0.27465
0.99223 0.033729 -0.11974 0.456
0.033729 0.85354 0.51992 1.0751
0.11974 -0.51992 0.84578 -0.27578
0.99219 0.034151 -0.11998 0.456
0.034151 0.85069 0.52455 1.0743
0.11998 -0.52455 0.84287 -0.27691
0.99215 0.03456 -0.12017 0.456
0.03456 0.84782 0.52915 1.0734
0.12017 -0.52915 0.83997 -0.27805
0.99212 0.034954 -0.12031 0.456
0.034954 0.84495 0.53369 1.0726
0.12031 -0.53369 0.83707 -0.27918
0.9921 0.035332 -0.12041 0.456
0.035332 0.84207 0.5382 1.0717
0.12041 -0.5382 0.83417 -0.28031
0.99208 0.035695 -0.12045 0.456
0.035695 0.83919 0.54266 1.0709
0.12045 -0.54266 0.83127 -0.28144
0.99206 0.036041 -0.12045 0.456
0.036041 0.83631 0.54707 1.07
0.12045 -0.54707 0.82837 -0.28258
0.99206 0.036369 -0.12039 0.456
0.036369 0.83342 0.55143 1.0692
0.12039 -0.55143 0.82548 -0.28371
0.99206 0.03668 -0.12029 0.456
0.03668 0.83053 0.55575 1.0683
0.12029 -0.55575 0.82259 -0.28484
0.99207 0.036971 -0.12013 0.456
0.036971 0.82764 0.56002 1.0675
0.12013 -0.56002 0.81971 -0.28598
0.99209 0.037243 -0.11992 0.456
0.037243 0.82476 0.56425 1.0666
0.11992 -0.56425 0.81684 -0.28711
0.99211 0.037494 -0.11965 0.456
0.037494 0.82188 0.56842 1.0658
0.11965 -0.56842 0.81398 -0.28824
0.99214 0.037725 -0.11933 0.456
0.037725 0.819 0.57255 1.0649
0.11933 -0.57255 0.81113 -0.28938
0.99217 0.037933 -0.11895 0.456
0.037933 0.81612 0.57662 1.0641
0.11895 -0.57662 0.8083 -0.29051
0.99222 0.038119 -0.11852 0.456
0.038119 0.81326 0.58064 1.0632
0.11852 -0.58064 0.80548 -0.29164
0.99227 0.038281 -0.11804 0.456
0.038281 0.8104 0.58462 1.0624
0.11804 -0.58462 0.80267 -0.29278
0.99233 0.03842 -0.11749 0.456
0.03842 0.80755 0.58854 1.0615
0.11749 -0.58854 0.79988 -0.29391
0.9924 0.038534 -0.11689 0.456
0.038534 0.80471 0.5924 1.0607
0.11689 -0.5924 0.79711 -0.29504
0.99247 0.038622 -0.11623 0.456
0.038622 0.80188 0.59622 1.0599
0.11623 -0.59622 0.79435 -0.29618
0.99255 0.038684 -0.11551 0.456
0.038684 0.79907 0.59998 1.059
0.11551 -0.59998 0.79162 -0.29731
0.99264 0.038719 -0.11473 0.456
0.038719 0.79627 0.60369 1.0582
0.11473 -0.60369 0.78891 -0.29844
0.99274 0.038727 -0.11389 0.456
0.038727 0.79349 0.60734 1.0573
0.11389 -0.60734 0.78623 -0.29958
0.99284 0.038706 -0.11299 0.456
0.038706 0.79072 0.61094 1.0565
0.11299 -0.61094 0.78356 -0.30071
0.99295 0.038656 -0.11203 0.456
0.038656 0.78797 0.61448 1.0557
0.11203 -0.61448 0.78093 -0.30184
0.99307 0.038577 -0.11101 0.456
0.038577 0.78525 0.61796 1.0549
0.11101 -0.61796 0.77832 -0.30297
0.9932 0.038467 -0.10992 0.456
0.038467 0.78254 0.62139 1.054
0.10992 -0.62139 0.77574 -0.30411
0.99333 0.038325 -0.10877 0.456
0.038325 0.77986 0.62477 1.0532
0.10877 -0.62477 0.77319 -0.30524
0.99347 0.038152 -0.10755 0.456
0.038152 0.7772 0.62808 1.0524
0.10755 -0.62808 0.77067 -0.30637
0.99361 0.037947 -0.10627 0.456
0.037947 0.77457 0.63134 1.0516
0.10627 -0.63134 0.76818 -0.30751
0.99376 0.037709 -0.10493 0.456
0.037709 0.77196 0.63454 1.0508
0.10493 -0.63454 0.76573 -0.30864
0.99392 0.037436 -0.10351 0.456
0.037436 0.76938 0.63767 1.05
0.10351 -0.63767 0.76331 -0.30977
0.99409 0.03713 -0.10203 0.456
0.03713 0.76683 0.64075 1.0492
0.10203 -0.64075 0.76092 -0.31091
0.99426 0.036788 -0.10049 0.456
0.036788 0.76432 0.64377 1.0484
0.10049 -0.64377 0.75858 -0.31204
0.99443 0.036411 -0.098872 0.456
0.036411 0.76183 0.64673 1.0476
0.098872 -0.64673 0.75627 -0.31317
0.99461 0.035997 -0.097187 0.456
0.035997 0.75938 0.64963 1.0468
0.097187 -0.64963 0.754 -0.31431
0.9948 0.035547 -0.095432 0.456
0.035547 0.75697 0.65247 1.046
0.095432 -0.65247 0.75177 -0.31544
0.99499 0.035059 -0.093606 0.456
0.035059 0.75459 0.65524 1.0452
0.093606 -0.65524 0.74958 -0.31657
0.99519 0.034533 -0.091709 0.456
0.034533 0.75225 0.65795 1.0444
0.091709 -0.65795 0.74744 -0.31771
0.99539 0.033968 -0.08974 0.456
0.033968 0.74995 0.6606 1.0437
0.08974 -0.6606 0.74534 -0.31884
0.99559 0.033365 -0.087699 0.456
0.033365 0.74769 0.66319 1.0429
0.087699 -0.66319 0.74328 -0.31997
0.99579 0.032722 -0.085584 0.456
0.032722 0.74548 0.66571 1.0421
0.085584 -0.66571 0.74127 -0.3211
0.996 0.032038 -0.083394 0.456
0.032038 0.7433 0.66817 1.0414
0.083394 -0.66817 0.7393 -0.32224
0.99621 0.031315 -0.08113 0.456
0.031315 0.74118 0.67056 1.0406
0.08113 -0.67056 0.73739 -0.32337
0.99642 0.03055 -0.07879 0.456
0.03055 0.7391 0.67289 1.0399
0.07879 -0.67289 0.73552 -0.3245
0.99664 0.029743 -0.076373 0.456
0.029743 0.73706 0.67515 1.0391
0.076373 -0.67515 0.7337 -0.32564
0.99685 0.028895 -0.073879 0.456
0.028895 0.73508 0.67734 1.0384
0.073879 -0.67734 0.73193 -0.32677
0.99706 0.028004 -0.071307 0.456
0.028004 0.73315 0.67947 1.0377
0.071307 -0.67947 0.73021 -0.3279
0.99727 0.027071 -0.068656 0.456
0.027071 0.73127 0.68153 1.037
0.068656 -0.68153 0.72855 -0.32904
0.99748 0.026095 -0.065925 0.456
0.026095 0.72945 0.68351 1.0362
0.065925 -0.68351 0.72693 -0.33017
0.99769 0.025075 -0.063114 0.456
0.025075 0.72768 0.68544 1.0355
0.063114 -0.68544 0.72537 -0.3313
0.9979 0.024011 -0.060221 0.456
0.024011 0.72597 0.68729 1.0348
0.060221 -0.68729 0.72387 -0.33244
0.9981 0.022904 -0.057247 0.456
0.022904 0.72432 0.68906 1.0341
0.057247 -0.68906 0.72241 -0.33357
0.99829 0.021752 -0.054189 0.456
0.021752 0.72272 0.69077 1.0335
0.054189 -0.69077 0.72102 -0.3347
0.99848 0.020555 -0.051048 0.456
0.020555 0.72119 0.69241 1.0328
0.051048 -0.69241 0.71967 -0.33584
0.99867 0.019314 -0.047822 0.456
0.019314 0.71972 0.69397 1.0321
0.047822 -0.69397 0.71839 -0.33697
0.99885 0.018029 -0.044511 0.456
0.018029 0.71831 0.69546 1.0314
0.044511 -0.69546 0.71716 -0.3381
0.99901 0.016698 -0.041113 0.456
0.016698 0.71697 0.69688 1.0308
0.041113 -0.69688 0.71599 -0.33924
0.99917 0.015322 -0.037628 0.456
0.015322 0.7157 0.69821 1.0301
0.037628 -0.69821 0.71487 -0.34037
0.99932 0.0139 -0.034055 0.456
0.0139 0.71449 0.69948 1.0295
0.034055 -0.69948 0.71382 -0.3415
0.99946 0.012434 -0.030393 0.456
0.012434 0.71336 0.70066 1.0289
0.030393 -0.70066 0.71282 -0.34263
0.99959 0.010922 -0.026641 0.456
0.010922 0.71229 0.70177 1.0283
0.026641 -0.70177 0.71187 -0.34377
0.9997 0.0093655 -0.022799 0.456
0.0093655 0.7113 0.7028 1.0276
0.022799 -0.7028 0.71099 -0.3449
0.99979 0.0077635 -0.018864 0.456
0.0077635 0.71037 0.70375 1.027
0.018864 -0.70375 0.71017 -0.34603
0.99987 0.0061165 -0.014837 0.456
0.0061165 0.70953 0.70462 1.0264
0.014837 -0.70462 0.7094 -0.34717
0.99993 0.0044246 -0.010717 0.456
0.0044246 0.70876 0.7054 1.0259
0.010717 -0.7054 0.70869 -0.3483
0.99998 0.002688 -0.0065016 0.456
0.002688 0.70807 0.7061 1.0253
0.0065016 -0.7061 0.70804 -0.34943
1 0.00090706 -0.0021913 0.456
0.00090706 0.70745 0.70672 1.0247
0.0021913 -0.70672 0.70745 -0.35057
1 -0 0 0.456
0 0.70718 0.707 1.0242
-0 -0.707 0.70718 -0.3517
0.99999 -0.0018653 0.0044993 0.456
-0.0018653 0.70669 0.70749 1.0236
-0.0044993 -0.70749 0.70668 -0.35283
0.99995 -0.0038101 0.009183 0.456
-0.0038101 0.7063 0.70787 1.023
-0.009183 -0.70787 0.70625 -0.35397
0.99988 -0.0058325 0.014049 0.456
-0.0058325 0.706 0.70816 1.0225
-0.014049 -0.70816 0.70588 -0.3551
0.99979 -0.0079306 0.019094 0.456
-0.0079306 0.70579 0.70834 1.0219
-0.019094 -0.70834 0.70558 -0.35623
0.99965 -0.010103 0.024317 0.456
-0.010103 0.70568 0.70843 1.0213
-0.024317 -0.70843 0.70533 -0.35737
0.99948 -0.012346 0.029714 0.456
-0.012346 0.70566 0.70841 1.0208
-0.029714 -0.70841 0.70514 -0.3585
0.99927 -0.014659 0.035285 0.456
-0.014659 0.70573 0.7083 1.0202
-0.035285 -0.7083 0.705 -0.35963
0.99901 -0.01704 0.041026 0.456
-0.01704 0.7059 0.70808 1.0196
-0.041026 -0.70808 0.70491 -0.36076
0.99871 -0.019486 0.046935 0.456
-0.019486 0.70616 0.70776 1.0191
-0.046935 -0.70776 0.70487 -0.3619
0.99835 -0.021995 0.053009 0.456
-0.021995 0.70651 0.70734 1.0185
-0.053009 -0.70734 0.70486 -0.36303
0.99794 -0.024564 0.059247 0.456
-0.024564 0.70694 0.70682 1.0179
-0.059247 -0.70682 0.70489 -0.36416
0.99747 -0.027192 0.065645 0.456
-0.027192 0.70747 0.70619 1.0174
-0.065645 -0.70619 0.70495 -0.3653
0.99694 -0.029876 0.072202 0.456
-0.029876 0.70809 0.70547 1.0168
-0.072202 -0.70547 0.70503 -0.36643
0.99635 -0.032613 0.078914 0.456
-0.032613 0.7088 0.70464 1.0162
-0.078914 -0.70464 0.70514 -0.36756
0.99568 -0.0354 0.08578 0.456
-0.0354 0.70959 0.7037 1.0157
-0.08578 -0.7037 0.70527 -0.3687
0.99495 -0.038236 0.092796 0.456
-0.038236 0.71047 0.70267 1.0151
-0.092796 -0.70267 0.70542 -0.36983
0.99414 -0.041117 0.09996 0.456
-0.041117 0.71144 0.70153 1.0145
-0.09996 -0.70153 0.70558 -0.37096
0.99325 -0.044041 0.10727 0.456
-0.044041 0.71249 0.70028 1.014
-0.10727 -0.70028 0.70574 -0.3721
0.99228 -0.047006 0.11472 0.456
-0.047006 0.71362 0.69893 1.0134
-0.11472 -0.69893 0.70591 -0.37323
0.99123 -0.050007 0.12231 0.456
-0.050007 0.71484 0.69748 1.0128
-0.12231 -0.69748 0.70607 -0.37436
0.99009 -0.053043 0.13004 0.456
-0.053043 0.71614 0.69592 1.0123
-0.13004 -0.69592 0.70623 -0.3755
0.98885 -0.05611 0.1379 0.456
-0.05611 0.71752 0.69425 1.0117
-0.1379 -0.69425 0.70638 -0.37663
0.98753 -0.059207 0.1459 0.456
-0.059207 0.71899 0.69248 1.0111
-0.1459 -0.69248 0.70651 -0.37776
0.9861 -0.062329 0.15402 0.456
-0.062329 0.72053 0.69061 1.0106
-0.15402 -0.69061 0.70663 -0.3789
0.98457 -0.065474 0.16227 0.456
-0.065474 0.72214 0.68862 1.01
-0.16227 -0.68862 0.70672 -0.38003
0.98294 -0.068639 0.17064 0.456
-0.068639 0.72384 0.68653 1.0094
-0.17064 -0.68653 0.70678 -0.38116
0.9812 -0.071821 0.17912 0.456
-0.071821 0.72561 0.68433 1.0089
-0.17912 -0.68433 0.70681 -0.38229
0.97935 -0.075017 0.18773 0.456
-0.075017 0.72746 0.68203 1.0083
-0.18773 -0.68203 0.70681 -0.38343
0.97739 -0.078224 0.19644 0.456
-0.078224 0.72937 0.67962 1.0077
-0.19644 -0.67962 0.70676 -0.38456
0.97531 -0.081439 0.20527 0.456
-0.081439 0.73136 0.6771 1.0072
-0.20527 -0.6771 0.70668 -0.38569
0.97311 -0.084658 0.21419 0.456
-0.084658 0.73342 0.67447 1.0066
-0.21419 -0.67447 0.70654 -0.38683
0.9708 -0.087879 0.22322 0.456
-0.087879 0.73555 0.67173 1.006
-0.22322 -0.67173 0.70635 -0.38796
0.96835 -0.091099 0.23235 0.456
-0.091099 0.73775 0.66889 1.0055
-0.23235 -0.66889 0.7061 -0.38909
