800
1 0 0 0.456
0 1 0 0.725
0 0 1 -0.15
1 0 0 0.456
0 1 0 0.72551
0 0 1 -0.14949
1 0 0 0.456
0 1 0 0.72602
0 0 1 -0.14896
1 0 0 0.456
0 1 0 0.72655
0 0 1 -0.14841
1 0 0 0.456
0 1 0 0.72708
0 0 1 -0.14784
1 0 0 0.456
0 1 0 0.72763
0 0 1 -0.14725
1 0 0 0.456
0 1 0 0.72818
0 0 1 -0.14664
1 0 0 0.456
0 1 0 0.72875
0 0 1 -0.14602
1 0 0 0.456
0 1 0 0.72932
0 0 1 -0.14537
1 0 0 0.456
0 1 0 0.7299
0 0 1 -0.14471
1 0 0 0.456
0 1 0 0.73049
0 0 1 -0.14403
1 0 0 0.456
0 1 0 0.7311
0 0 1 -0.14333
1 0 0 0.456
0 1 0 0.73171
0 0 1 -0.14261
1 0 0 0.456
0 1 0 0.73233
0 0 1 -0.14188
1 0 0 0.456
0 1 0 0.73296
0 0 1 -0.14113
1 0 0 0.456
0 1 0 0.73359
0 0 1 -0.14036
1 0 0 0.456
0 1 0 0.73424
0 0 1 -0.13958
1 0 0 0.456
0 1 0 0.7349
0 0 1 -0.13878
1 0 0 0.456
0 1 0 0.73556
0 0 1 -0.13796
1 0 0 0.456
0 1 0 0.73624
0 0 1 -0.13713
1 0 0 0.456
0 1 0 0.73692
0 0 1 -0.13628
1 0 0 0.456
0 1 0 0.73761
0 0 1 -0.13541
1 0 0 0.456
0 1 0 0.73831
0 0 1 -0.13453
1 0 0 0.456
0 1 0 0.73901
0 0 1 -0.13364
1 0 0 0.456
0 1 0 0.73973
0 0 1 -0.13273
1 0 0 0.456
0 1 0 0.74045
0 0 1 -0.13181
1 0 0 0.456
0 1 0 0.74118
0 0 1 -0.13087
1 0 0 0.456
0 1 0 0.74192
0 0 1 -0.12992
1 0 0 0.456
0 1 0 0.74267
0 0 1 -0.12895
1 0 0 0.456
0 1 0 0.74343
0 0 1 -0.12797
1 0 0 0.456
0 1 0 0.74419
0 0 1 -0.12697
1 0 0 0.456
0 1 0 0.74496
0 0 1 -0.12597
1 0 0 0.456
0 1 0 0.74574
0 0 1 -0.12495
1 0 0 0.456
0 1 0 0.74653
0 0 1 -0.12391
1 0 0 0.456
0 1 0 0.74732
0 0 1 -0.12287
1 0 0 0.456
0 1 0 0.74812
0 0 1 -0.12181
1 0 0 0.456
0 1 0 0.74893
0 0 1 -0.12074
1 0 0 0.456
0 1 0 0.74975
0 0 1 -0.11966
1 0 0 0.456
0 1 0 0.75057
0 0 1 -0.11857
1 0 0 0.456
0 1 0 0.7514
0 0 1 -0.11746
1 0 0 0.456
0 1 0 0.75224
0 0 1 -0.11634
1 0 0 0.456
0 1 0 0.75309
0 0 1 -0.11522
1 0 0 0.456
0 1 0 0.75394
0 0 1 -0.11408
1 0 0 0.456
0 1 0 0.7548
0 0 1 -0.11293
1 0 0 0.456
0 1 0 0.75566
0 0 1 -0.11177
1 0 0 0.456
0 1 0 0.75654
0 0 1 -0.1106
1 0 0 0.456
0 1 0 0.75741
0 0 1 -0.10942
1 0 0 0.456
0 1 0 0.7583
0 0 1 -0.10823
1 0 0 0.456
0 1 0 0.75919
0 0 1 -0.10704
1 0 0 0.456
0 1 0 0.76009
0 0 1 -0.10583
1 0 0 0.456
0 1 0 0.76099
0 0 1 -0.10461
1 0 0 0.456
0 1 0 0.76191
0 0 1 -0.10339
1 0 0 0.456
0 1 0 0.76282
0 0 1 -0.10215
1 0 0 0.456
0 1 0 0.76375
0 0 1 -0.10091
1 0 0 0.456
0 1 0 0.76467
0 0 1 -0.09966
1 0 0 0.456
0 1 0 0.76561
0 0 1 -0.098402
1 0 0 0.456
0 1 0 0.76655
0 0 1 -0.097137
1 0 0 0.456
0 1 0 0.7675
0 0 1 -0.095864
1 0 0 0.456
0 1 0 0.76845
0 0 1 -0.094584
1 0 0 0.456
0 1 0 0.76941
0 0 1 -0.093297
1 0 0 0.456
0 1 0 0.77037
0 0 1 -0.092003
1 0 0 0.456
0 1 0 0.77134
0 0 1 -0.090702
1 0 0 0.456
0 1 0 0.77232
0 0 1 -0.089396
1 0 0 0.456
0 1 0 0.7733
0 0 1 -0.088083
1 0 0 0.456
0 1 0 0.77428
0 0 1 -0.086765
1 0 0 0.456
0 1 0 0.77527
0 0 1 -0.085441
1 0 0 0.456
0 1 0 0.77627
0 0 1 -0.084111
1 0 0 0.456
0 1 0 0.77727
0 0 1 -0.082777
1 0 0 0.456
0 1 0 0.77828
0 0 1 -0.081437
1 0 0 0.456
0 1 0 0.77929
0 0 1 -0.080093
1 0 0 0.456
0 1 0 0.7803
0 0 1 -0.078744
1 0 0 0.456
0 1 0 0.78132
0 0 1 -0.077391
1 0 0 0.456
0 1 0 0.78235
0 0 1 -0.076035
1 0 0 0.456
0 1 0 0.78338
0 0 1 -0.074674
1 0 0 0.456
0 1 0 0.78441
0 0 1 -0.07331
1 0 0 0.456
0 1 0 0.78545
0 0 1 -0.071942
1 0 0 0.456
0 1 0 0.78649
0 0 1 -0.070571
1 0 0 0.456
0 1 0 0.78754
0 0 1 -0.069198
1 0 0 0.456
0 1 0 0.78859
0 0 1 -0.067821
1 0 0 0.456
0 1 0 0.78965
0 0 1 -0.066443
1 0 0 0.456
0 1 0 0.79071
0 0 1 -0.065062
1 0 0 0.456
0 1 0 0.79177
0 0 1 -0.063679
1 0 0 0.456
0 1 0 0.79284
0 0 1 -0.062294
1 0 0 0.456
0 1 0 0.79391
0 0 1 -0.060908
1 0 0 0.456
0 1 0 0.79498
0 0 1 -0.059521
1 0 0 0.456
0 1 0 0.79606
0 0 1 -0.058132
1 0 0 0.456
0 1 0 0.79715
0 0 1 -0.056743
1 0 0 0.456
0 1 0 0.79823
0 0 1 -0.055353
1 0 0 0.456
0 1 0 0.79932
0 0 1 -0.053962
1 0 0 0.456
0 1 0 0.80041
0 0 1 -0.052572
1 0 0 0.456
0 1 0 0.80151
0 0 1 -0.051181
1 0 0 0.456
0 1 0 0.80261
0 0 1 -0.049791
1 0 0 0.456
0 1 0 0.80371
0 0 1 -0.048401
1 0 0 0.456
0 1 0 0.80482
0 0 1 -0.047012
1 0 0 0.456
0 1 0 0.80593
0 0 1 -0.045624
1 0 0 0.456
0 1 0 0.80704
0 0 1 -0.044237
1 0 0 0.456
0 1 0 0.80815
0 0 1 -0.042851
1 0 0 0.456
0 1 0 0.80927
0 0 1 -0.041468
1 0 0 0.456
0 1 0 0.81039
0 0 1 -0.040086
1 0 0 0.456
0 1 0 0.81152
0 0 1 -0.038706
1 0 0 0.456
0 1 0 0.81264
0 0 1 -0.037328
1 0 0 0.456
0 1 0 0.81377
0 0 1 -0.035953
1 0 0 0.456
0 1 0 0.8149
0 0 1 -0.03458
1 0 0 0.456
0 1 0 0.81603
0 0 1 -0.033211
1 0 0 0.456
0 1 0 0.81717
0 0 1 -0.031845
1 0 0 0.456
0 1 0 0.8183
0 0 1 -0.030482
1 0 0 0.456
0 1 0 0.81944
0 0 1 -0.029123
1 0 0 0.456
0 1 0 0.82058
0 0 1 -0.027768
1 0 0 0.456
0 1 0 0.82173
0 0 1 -0.026417
1 0 0 0.456
0 1 0 0.82287
0 0 1 -0.02507
1 0 0 0.456
0 1 0 0.82402
0 0 1 -0.023728
1 0 0 0.456
0 1 0 0.82517
0 0 1 -0.022391
1 0 0 0.456
0 1 0 0.82632
0 0 1 -0.021059
1 0 0 0.456
0 1 0 0.82747
0 0 1 -0.019732
1 0 0 0.456
0 1 0 0.82863
0 0 1 -0.01841
1 0 0 0.456
0 1 0 0.82978
0 0 1 -0.017094
1 0 0 0.456
0 1 0 0.83094
0 0 1 -0.015784
1 0 0 0.456
0 1 0 0.83209
0 0 1 -0.01448
1 0 0 0.456
0 1 0 0.83325
0 0 1 -0.013183
1 0 0 0.456
0 1 0 0.83441
0 0 1 -0.011892
1 0 0 0.456
0 1 0 0.83557
0 0 1 -0.010608
1 0 0 0.456
0 1 0 0.83674
0 0 1 -0.0093309
1 0 0 0.456
0 1 0 0.8379
0 0 1 -0.0080611
1 0 0 0.456
0 1 0 0.83906
0 0 1 -0.0067989
1 0 0 0.456
0 1 0 0.84023
0 0 1 -0.0055445
1 0 0 0.456
0 1 0 0.84139
0 0 1 -0.004298
1 0 0 0.456
0 1 0 0.84256
0 0 1 -0.0030596
1 0 0 0.456
0 1 0 0.84373
0 0 1 -0.0018297
1 0 0 0.456
0 1 0 0.84489
0 0 1 -0.00060838
1 0 0 0.456
0 1 0 0.84606
0 0 1 0.00060406
1 0 0 0.456
0 1 0 0.84723
0 0 1 0.0018074
1 0 0 0.456
0 1 0 0.8484
0 0 1 0.0030015
1 0 0 0.456
0 1 0 0.84956
0 0 1 0.004186
1 0 0 0.456
0 1 0 0.85073
0 0 1 0.0053607
1 0 0 0.456
0 1 0 0.8519
0 0 1 0.0065255
1 0 0 0.456
0 1 0 0.85307
0 0 1 0.00768
1 0 0 0.456
0 1 0 0.85424
0 0 1 0.0088242
1 0 0 0.456
0 1 0 0.8554
0 0 1 0.0099576
1 0 0 0.456
0 1 0 0.85657
0 0 1 0.01108
1 0 0 0.456
0 1 0 0.85774
0 0 1 0.012192
1 0 0 0.456
0 1 0 0.8589
0 0 1 0.013292
1 0 0 0.456
0 1 0 0.86007
0 0 1 0.01438
1 0 0 0.456
0 1 0 0.86124
0 0 1 0.015457
1 0 0 0.456
0 1 0 0.8624
0 0 1 0.016522
1 0 0 0.456
0 1 0 0.86356
0 0 1 0.017574
1 0 0 0.456
0 1 0 0.86473
0 0 1 0.018614
1 0 0 0.456
0 1 0 0.86589
0 0 1 0.019641
1 0 0 0.456
0 1 0 0.86705
0 0 1 0.020656
1 0 0 0.456
0 1 0 0.86821
0 0 1 0.021657
1 0 0 0.456
0 1 0 0.86937
0 0 1 0.022645
1 0 0 0.456
0 1 0 0.87053
0 0 1 0.023619
1 0 0 0.456
0 1 0 0.87169
0 0 1 0.02458
1 0 0 0.456
0 1 0 0.87284
0 0 1 0.025526
1 0 0 0.456
0 1 0 0.874
0 0 1 0.026458
1 0 0 0.456
0 1 0 0.87515
0 0 1 0.027376
1 0 0 0.456
0 1 0 0.8763
0 0 1 0.028278
1 0 0 0.456
0 1 0 0.87745
0 0 1 0.029166
1 0 0 0.456
0 1 0 0.8786
0 0 1 0.030039
1 0 0 0.456
0 1 0 0.87974
0 0 1 0.030896
1 0 0 0.456
0 1 0 0.88089
0 0 1 0.031738
1 0 0 0.456
0 1 0 0.88203
0 0 1 0.032564
1 0 0 0.456
0 1 0 0.88317
0 0 1 0.033374
1 0 0 0.456
0 1 0 0.88431
0 0 1 0.034167
1 0 0 0.456
0 1 0 0.88544
0 0 1 0.034944
1 0 0 0.456
0 1 0 0.88658
0 0 1 0.035704
1 0 0 0.456
0 1 0 0.88771
0 0 1 0.036447
1 0 0 0.456
0 1 0 0.88884
0 0 1 0.037173
1 0 0 0.456
0 1 0 0.88996
0 0 1 0.037882
1 0 0 0.456
0 1 0 0.89109
0 0 1 0.038572
1 0 0 0.456
0 1 0 0.89221
0 0 1 0.039245
1 0 0 0.456
0 1 0 0.89332
0 0 1 0.0399
1 0 0 0.456
0 1 0 0.89444
0 0 1 0.040537
1 0 0 0.456
0 1 0 0.89555
0 0 1 0.041154
1 0 0 0.456
0 1 0 0.89666
0 0 1 0.041754
1 0 0 0.456
0 1 0 0.89777
0 0 1 0.042334
1 0 0 0.456
0 1 0 0.89887
0 0 1 0.042894
1 0 0 0.456
0 1 0 0.89997
0 0 1 0.043436
1 0 0 0.456
0 1 0 0.90107
0 0 1 0.043957
1 0 0 0.456
0 1 0 0.90217
0 0 1 0.044459
1 0 0 0.456
0 1 0 0.90326
0 0 1 0.044941
1 0 0 0.456
0 1 0 0.90434
0 0 1 0.045402
1 0 0 0.456
0 1 0 0.90543
0 0 1 0.045843
1 0 0 0.456
0 1 0 0.90651
0 0 1 0.046262
1 0 0 0.456
0 1 0 0.90758
0 0 1 0.046661
1 0 0 0.456
0 1 0 0.90866
0 0 1 0.047039
1 0 0 0.456
0 1 0 0.90973
0 0 1 0.047394
1 0 0 0.456
0 1 0 0.91079
0 0 1 0.047729
1 0 0 0.456
0 1 0 0.91185
0 0 1 0.048041
1 0 0 0.456
0 1 0 0.91291
0 0 1 0.048331
1 0 0 0.456
0 1 0 0.91396
0 0 1 0.048599
1 0 0 0.456
0 1 0 0.91501
0 0 1 0.048844
1 0 0 0.456
0 1 0 0.91606
0 0 1 0.049066
1 0 0 0.456
0 1 0 0.9171
0 0 1 0.049265
1 0 0 0.456
0 1 0 0.91813
0 0 1 0.049441
1 0 0 0.456
0 1 0 0.91916
0 0 1 0.049593
1 0 0 0.456
0 1 0 0.92019
0 0 1 0.049721
1 0 0 0.456
0 1 0 0.92121
0 0 1 0.049826
1 0 0 0.456
0 1 0 0.92223
0 0 1 0.049906
1 0 0 0.456
0 1 0 0.92324
0 0 1 0.049962
1 0 0 0.456
0 1 0 0.92425
0 0 1 0.049993
1 0 0 0.456
0 1 0 0.92525
0 0 1 0.049999
1 0 0 0.456
0 1 -9.7918e-06 0.92626
0 9.7918e-06 1 0.049984
1 0 0 0.456
0 1 -3.897e-05 0.92727
0 3.897e-05 1 0.04995
1 0 0 0.456
0 1 -8.7239e-05 0.92829
0 8.7239e-05 1 0.049895
1 0 0 0.456
0 1 -0.0001543 0.92932
0 0.0001543 1 0.049821
1 0 0 0.456
0 1 -0.00023987 0.93036
0 0.00023987 1 0.049727
1 0 0 0.456
0 1 -0.00034364 0.9314
0 0.00034364 1 0.049615
1 0 0 0.456
0 1 -0.00046531 0.93245
0 0.00046531 1 0.049483
1 0 0 0.456
0 1 -0.0006046 0.93351
0 0.0006046 1 0.049332
1 0 0 0.456
0 1 -0.00076121 0.93457
0 0.00076121 1 0.049162
1 0 0 0.456
0 1 -0.00093484 0.93564
0 0.00093484 1 0.048974
1 0 0 0.456
0 1 -0.0011252 0.93671
0 0.0011252 1 0.048767
1 0 0 0.456
0 1 -0.001332 0.93779
0 0.001332 1 0.048542
1 0 0 0.456
0 1 -0.0015549 0.93888
0 0.0015549 1 0.048298
1 0 0 0.456
0 1 -0.0017937 0.93998
0 0.0017937 1 0.048037
1 0 0 0.456
0 1 -0.002048 0.94108
0 0.002048 1 0.047758
1 0 0 0.456
0 1 -0.0023175 0.94218
0 0.0023175 1 0.04746
1 0 0 0.456
0 1 -0.002602 0.94329
0 0.002602 1 0.047146
1 0 0 0.456
0 1 -0.0029012 0.94441
0 0.0029012 1 0.046814
1 0 0 0.456
0 0.99999 -0.0032147 0.94553
0 0.0032147 0.99999 0.046464
1 0 0 0.456
0 0.99999 -0.0035423 0.94666
0 0.0035423 0.99999 0.046097
1 0 0 0.456
0 0.99999 -0.0038836 0.94779
0 0.0038836 0.99999 0.045714
1 0 0 0.456
0 0.99999 -0.0042385 0.94893
0 0.0042385 0.99999 0.045313
1 0 0 0.456
0 0.99999 -0.0046065 0.95007
0 0.0046065 0.99999 0.044896
1 0 0 0.456
0 0.99999 -0.0049874 0.95122
0 0.0049874 0.99999 0.044463
1 0 0 0.456
0 0.99999 -0.0053808 0.95238
0 0.0053808 0.99999 0.044012
1 0 0 0.456
0 0.99998 -0.0057866 0.95353
0 0.0057866 0.99998 0.043546
1 0 0 0.456
0 0.99998 -0.0062044 0.95469
0 0.0062044 0.99998 0.043064
1 0 0 0.456
0 0.99998 -0.0066338 0.95586
0 0.0066338 0.99998 0.042565
1 0 0 0.456
0 0.99997 -0.0070747 0.95703
0 0.0070747 0.99997 0.042051
1 0 0 0.456
0 0.99997 -0.0075267 0.95821
0 0.0075267 0.99997 0.041521
1 0 0 0.456
0 0.99997 -0.0079895 0.95939
0 0.0079895 0.99997 0.040976
1 0 0 0.456
0 0.99996 -0.0084628 0.96057
0 0.0084628 0.99996 0.040415
1 0 0 0.456
0 0.99996 -0.0089463 0.96176
0 0.0089463 0.99996 0.039839
1 0 0 0.456
0 0.99996 -0.0094397 0.96295
0 0.0094397 0.99996 0.039248
1 0 0 0.456
0 0.99995 -0.0099428 0.96414
0 0.0099428 0.99995 0.038642
1 0 0 0.456
0 0.99995 -0.010455 0.96534
0 0.010455 0.99995 0.038022
1 0 0 0.456
0 0.99994 -0.010977 0.96654
0 0.010977 0.99994 0.037387
1 0 0 0.456
0 0.99993 -0.011507 0.96774
0 0.011507 0.99993 0.036737
1 0 0 0.456
0 0.99993 -0.012046 0.96895
0 0.012046 0.99993 0.036073
1 0 0 0.456
0 0.99992 -0.012592 0.97016
0 0.012592 0.99992 0.035395
1 0 0 0.456
0 0.99991 -0.013147 0.97138
0 0.013147 0.99991 0.034703
1 0 0 0.456
0 0.99991 -0.013709 0.97259
0 0.013709 0.99991 0.033997
1 0 0 0.456
0 0.9999 -0.014279 0.97381
0 0.014279 0.9999 0.033278
1 0 0 0.456
0 0.99989 -0.014855 0.97504
0 0.014855 0.99989 0.032545
1 0 0 0.456
0 0.99988 -0.015438 0.97626
0 0.015438 0.99988 0.031798
1 0 0 0.456
0 0.99987 -0.016028 0.97749
0 0.016028 0.99987 0.031038
1 0 0 0.456
0 0.99986 -0.016623 0.97872
0 0.016623 0.99986 0.030266
1 0 0 0.456
0 0.99985 -0.017224 0.97995
0 0.017224 0.99985 0.02948
1 0 0 0.456
0 0.99984 -0.017831 0.98118
0 0.017831 0.99984 0.028681
1 0 0 0.456
0 0.99983 -0.018443 0.98242
0 0.018443 0.99983 0.02787
1 0 0 0.456
0 0.99982 -0.01906 0.98365
0 0.01906 0.99982 0.027047
1 0 0 0.456
0 0.99981 -0.019682 0.98489
0 0.019682 0.99981 0.026211
1 0 0 0.456
0 0.99979 -0.020307 0.98613
0 0.020307 0.99979 0.025362
1 0 0 0.456
0 0.99978 -0.020937 0.98738
0 0.020937 0.99978 0.024502
1 0 0 0.456
0 0.99977 -0.021571 0.98862
0 0.021571 0.99977 0.02363
1 0 0 0.456
0 0.99975 -0.022208 0.98987
0 0.022208 0.99975 0.022746
1 0 0 0.456
0 0.99974 -0.022848 0.99111
0 0.022848 0.99974 0.021851
1 0 0 0.456
0 0.99972 -0.023491 0.99236
0 0.023491 0.99972 0.020944
1 0 0 0.456
0 0.99971 -0.024136 0.99361
0 0.024136 0.99971 0.020026
1 0 0 0.456
0 0.99969 -0.024784 0.99486
0 0.024784 0.99969 0.019097
1 0 0 0.456
0 0.99968 -0.025433 0.99611
0 0.025433 0.99968 0.018157
1 0 0 0.456
0 0.99966 -0.026084 0.99736
0 0.026084 0.99966 0.017206
1 0 0 0.456
0 0.99964 -0.026737 0.99861
0 0.026737 0.99964 0.016244
1 0 0 0.456
0 0.99962 -0.027391 0.99986
0 0.027391 0.99962 0.015272
1 0 0 0.456
0 0.99961 -0.028045 1.0011
0 0.028045 0.99961 0.014289
1 0 0 0.456
0 0.99959 -0.0287 1.0024
0 0.0287 0.99959 0.013296
1 0 0 0.456
0 0.99957 -0.029355 1.0036
0 0.029355 0.99957 0.012293
1 0 0 0.456
0 0.99955 -0.030009 1.0049
0 0.030009 0.99955 0.01128
1 0 0 0.456
0 0.99953 -0.030664 1.0061
0 0.030664 0.99953 0.010258
1 0 0 0.456
0 0.99951 -0.031318 1.0074
0 0.031318 0.99951 0.0092256
1 0 0 0.456
0 0.99949 -0.03197 1.0086
0 0.03197 0.99949 0.0081839
1 0 0 0.456
0 0.99947 -0.032622 1.0099
0 0.032622 0.99947 0.0071328
1 0 0 0.456
0 0.99945 -0.033271 1.0111
0 0.033271 0.99945 0.0060726
1 0 0 0.456
0 0.99942 -0.033919 1.0124
0 0.033919 0.99942 0.0050034
1 0 0 0.456
0 0.9994 -0.034565 1.0136
0 0.034565 0.9994 0.0039253
1 0 0 0.456
0 0.99938 -0.035208 1.0149
0 0.035208 0.99938 0.0028385
1 0 0 0.456
0 0.99936 -0.035848 1.0161
0 0.035848 0.99936 0.0017431
1 0 0 0.456
0 0.99933 -0.036485 1.0173
0 0.036485 0.99933 0.00063931
1 0 0 0.456
0 0.99931 -0.037119 1.0186
0 0.037119 0.99931 -0.00047277
1 0 0 0.456
0 0.99929 -0.037749 1.0198
0 0.037749 0.99929 -0.001593
1 0 0 0.456
0 0.99926 -0.038375 1.0211
0 0.038375 0.99926 -0.0027211
1 0 0 0.456
0 0.99924 -0.038997 1.0223
0 0.038997 0.99924 -0.0038571
1 0 0 0.456
0 0.99922 -0.039615 1.0236
0 0.039615 0.99922 -0.0050007
1 0 0 0.456
0 0.99919 -0.040227 1.0248
0 0.040227 0.99919 -0.0061519
1 0 0 0.456
0 0.99917 -0.040834 1.026
0 0.040834 0.99917 -0.0073104
1 0 0 0.456
0 0.99914 -0.041436 1.0272
0 0.041436 0.99914 -0.0084761
1 0 0 0.456
0 0.99912 -0.042032 1.0285
0 0.042032 0.99912 -0.0096489
1 0 0 0.456
0 0.99909 -0.042622 1.0297
0 0.042622 0.99909 -0.010829
1 0 0 0.456
0 0.99907 -0.043206 1.0309
0 0.043206 0.99907 -0.012015
1 0 0 0.456
0 0.99904 -0.043783 1.0321
0 0.043783 0.99904 -0.013208
1 0 0 0.456
0 0.99902 -0.044353 1.0334
0 0.044353 0.99902 -0.014408
1 0 0 0.456
0 0.99899 -0.044916 1.0346
0 0.044916 0.99899 -0.015614
1 0 0 0.456
0 0.99897 -0.045471 1.0358
0 0.045471 0.99897 -0.016826
1 0 0 0.456
0 0.99894 -0.046019 1.037
0 0.046019 0.99894 -0.018044
1 0 0 0.456
0 0.99892 -0.046559 1.0382
0 0.046559 0.99892 -0.019268
1 0 0 0.456
0 0.99889 -0.04709 1.0394
0 0.04709 0.99889 -0.020497
1 0 0 0.456
0 0.99887 -0.047612 1.0406
0 0.047612 0.99887 -0.021732
1 0 0 0.456
0 0.99884 -0.048125 1.0418
0 0.048125 0.99884 -0.022973
1 0 0 0.456
0 0.99882 -0.048629 1.043
0 0.048629 0.99882 -0.024219
1 0 0 0.456
0 0.99879 -0.049124 1.0442
0 0.049124 0.99879 -0.02547
1 0 0 0.456
0 0.99877 -0.049609 1.0454
0 0.049609 0.99877 -0.026726
1 0 0 0.456
0 0.99875 -0.050083 1.0466
0 0.050083 0.99875 -0.027986
1 0 0 0.456
0 0.99872 -0.050547 1.0477
0 0.050547 0.99872 -0.029252
1 0 0 0.456
0 0.9987 -0.051 1.0489
0 0.051 0.9987 -0.030521
1 0 0 0.456
0 0.99868 -0.051442 1.0501
0 0.051442 0.99868 -0.031796
1 0 0 0.456
0 0.99865 -0.051873 1.0512
0 0.051873 0.99865 -0.033074
1 0 0 0.456
0 0.99863 -0.052292 1.0524
0 0.052292 0.99863 -0.034357
1 0 0 0.456
0 0.99861 -0.0527 1.0536
0 0.0527 0.99861 -0.035643
1 0 0 0.456
0 0.99859 -0.053095 1.0547
0 0.053095 0.99859 -0.036933
1 0 0 0.456
0 0.99857 -0.053477 1.0559
0 0.053477 0.99857 -0.038227
1 0 0 0.456
0 0.99855 -0.053847 1.057
0 0.053847 0.99855 -0.039524
1 0 0 0.456
0 0.99853 -0.054203 1.0581
0 0.054203 0.99853 -0.040824
1 0 0 0.456
0 0.99851 -0.054546 1.0593
0 0.054546 0.99851 -0.042128
1 0 0 0.456
0 0.99849 -0.054876 1.0604
0 0.054876 0.99849 -0.043435
1 0 0 0.456
0 0.99848 -0.055191 1.0615
0 0.055191 0.99848 -0.044744
1 0 0 0.456
0 0.99846 -0.055492 1.0626
0 0.055492 0.99846 -0.046056
1 0 0 0.456
0 0.99844 -0.055779 1.0637
0 0.055779 0.99844 -0.047371
1 0 0 0.456
0 0.99843 -0.05605 1.0648
0 0.05605 0.99843 -0.048688
1 0 0 0.456
0 0.99841 -0.056307 1.0659
0 0.056307 0.99841 -0.050007
1 0 0 0.456
0 0.9984 -0.056548 1.067
0 0.056548 0.9984 -0.051329
1 0 0 0.456
0 0.99839 -0.056773 1.0681
0 0.056773 0.99839 -0.052652
1 0 0 0.456
0 0.99838 -0.056982 1.0692
0 0.056982 0.99838 -0.053977
1 0 0 0.456
0 0.99836 -0.057175 1.0703
0 0.057175 0.99836 -0.055304
1 0 0 0.456
0 0.99835 -0.057351 1.0713
0 0.057351 0.99835 -0.056633
1 0 0 0.456
0 0.99834 -0.05751 1.0724
0 0.05751 0.99834 -0.057962
1 0 0 0.456
0 0.99834 -0.057652 1.0735
0 0.057652 0.99834 -0.059293
1 0 0 0.456
0 0.99833 -0.057777 1.0745
0 0.057777 0.99833 -0.060625
1 0 0 0.456
0 0.99832 -0.057883 1.0755
0 0.057883 0.99832 -0.061958
1 0 0 0.456
0 0.99832 -0.057972 1.0766
0 0.057972 0.99832 -0.063291
1 0 0 0.456
0 0.99831 -0.058042 1.0776
0 0.058042 0.99831 -0.064625
1 0 0 0.456
0 0.99831 -0.058093 1.0786
0 0.058093 0.99831 -0.06596
1 0 0 0.456
0 0.99831 -0.058126 1.0796
0 0.058126 0.99831 -0.067295
1 0 0 0.456
0 0.99831 -0.058139 1.0806
0 0.058139 0.99831 -0.06863
1 0 0 0.456
0 0.99831 -0.058132 1.0816
0 0.058132 0.99831 -0.069965
1 0 0 0.456
0 0.99831 -0.058106 1.0826
0 0.058106 0.99831 -0.0713
1 0 0 0.456
0 0.99831 -0.058059 1.0836
0 0.058059 0.99831 -0.072634
1 0 0 0.456
0 0.99832 -0.057992 1.0846
0 0.057992 0.99832 -0.073968
1 0 0 0.456
0 0.99832 -0.057904 1.0855
0 0.057904 0.99832 -0.075301
1 0 0 0.456
0 0.99833 -0.057795 1.0865
0 0.057795 0.99833 -0.076634
1 0 0 0.456
0 0.99834 -0.057664 1.0875
0 0.057664 0.99834 -0.077966
1 0 0 0.456
0 0.99834 -0.057512 1.0884
0 0.057512 0.99834 -0.079297
1 0 0 0.456
0 0.99835 -0.057338 1.0893
0 0.057338 0.99835 -0.080626
1 0 0 0.456
0 0.99837 -0.057142 1.0902
0 0.057142 0.99837 -0.081954
1 0 0 0.456
0 0.99838 -0.056923 1.0912
0 0.056923 0.99838 -0.083281
1 0 0 0.456
0 0.99839 -0.056682 1.0921
0 0.056682 0.99839 -0.084605
1 0 0 0.456
0 0.99841 -0.056417 1.093
0 0.056417 0.99841 -0.085929
1 0 0 0.456
0 0.99842 -0.056129 1.0939
0 0.056129 0.99842 -0.08725
1 0 0 0.456
0 0.99844 -0.055817 1.0947
0 0.055817 0.99844 -0.088569
1 0 0 0.456
0 0.99846 -0.055481 1.0956
0 0.055481 0.99846 -0.089885
1 0 0 0.456
0 0.99848 -0.05512 1.0965
0 0.05512 0.99848 -0.0912
1 0 0 0.456
0 0.9985 -0.054735 1.0973
0 0.054735 0.9985 -0.092511
1 0 0 0.456
0 0.99852 -0.054325 1.0982
0 0.054325 0.99852 -0.09382
1 0 0 0.456
0 0.99855 -0.05389 1.099
0 0.05389 0.99855 -0.095127
1 0 0 0.456
0 0.99857 -0.053429 1.0998
0 0.053429 0.99857 -0.09643
1 0 0 0.456
0 0.9986 -0.052943 1.1006
0 0.052943 0.9986 -0.09773
1 0 0 0.456
0 0.99862 -0.05243 1.1014
0 0.05243 0.99862 -0.099026
1 0 0 0.456
0 0.99865 -0.051891 1.1022
0 0.051891 0.99865 -0.10032
1 0 0 0.456
0 0.99868 -0.051326 1.103
0 0.051326 0.99868 -0.10161
1 0 0 0.456
0 0.99871 -0.050733 1.1038
0 0.050733 0.99871 -0.10289
1 0 0 0.456
0 0.99874 -0.050113 1.1045
0 0.050113 0.99874 -0.10418
1 0 0 0.456
0 0.99878 -0.049465 1.1053
0 0.049465 0.99878 -0.10545
1 0 0 0.456
0 0.99881 -0.04879 1.106
0 0.04879 0.99881 -0.10673
1 0 0 0.456
0 0.99884 -0.048086 1.1068
0 0.048086 0.99884 -0.108
1 0 0 0.456
0 0.99888 -0.047354 1.1075
0 0.047354 0.99888 -0.10926
1 0 0 0.456
0 0.99891 -0.046593 1.1082
0 0.046593 0.99891 -0.11052
1 0 0 0.456
0 0.99895 -0.045803 1.1089
0 0.045803 0.99895 -0.11178
1 0 0 0.456
0 0.99899 -0.044983 1.1096
0 0.044983 0.99899 -0.11303
1 0 0 0.456
0 0.99903 -0.044134 1.1102
0 0.044134 0.99903 -0.11427
1 0 0 0.456
0 0.99906 -0.043255 1.1109
0 0.043255 0.99906 -0.11551
1 0 0 0.456
0 0.9991 -0.042346 1.1116
0 0.042346 0.9991 -0.11675
1 0 0 0.456
0 0.99914 -0.041406 1.1122
0 0.041406 0.99914 -0.11797
1 0 0 0.456
0 0.99918 -0.040435 1.1128
0 0.040435 0.99918 -0.1192
1 0 0 0.456
0 0.99922 -0.039433 1.1134
0 0.039433 0.99922 -0.12041
1 0 0 0.456
0 0.99926 -0.038399 1.114
0 0.038399 0.99926 -0.12162
1 0 0 0.456
0 0.9993 -0.037334 1.1146
0 0.037334 0.9993 -0.12283
1 0 0 0.456
0 0.99934 -0.036237 1.1152
0 0.036237 0.99934 -0.12403
1 0 0 0.456
0 0.99938 -0.035107 1.1158
0 0.035107 0.99938 -0.12522
1 0 0 0.456
0 0.99942 -0.033945 1.1163
0 0.033945 0.99942 -0.12641
1 0 0 0.456
0 0.99946 -0.032749 1.1169
0 0.032749 0.99946 -0.12758
1 0 0 0.456
0 0.9995 -0.031521 1.1174
0 0.031521 0.9995 -0.12876
1 0 0 0.456
0 0.99954 -0.030258 1.1179
0 0.030258 0.99954 -0.12992
1 0 0 0.456
0 0.99958 -0.028962 1.1184
0 0.028962 0.99958 -0.13108
1 0 0 0.456
0 0.99962 -0.027632 1.1189
0 0.027632 0.99962 -0.13223
1 0 0 0.456
0 0.99965 -0.026268 1.1194
0 0.026268 0.99965 -0.13337
1 0 0 0.456
0 0.99969 -0.024868 1.1198
0 0.024868 0.99969 -0.1345
1 0 0 0.456
0 0.99973 -0.023434 1.1203
0 0.023434 0.99973 -0.13563
1 0 0 0.456
0 0.99976 -0.021964 1.1207
0 0.021964 0.99976 -0.13675
1 0 0 0.456
0 0.99979 -0.020459 1.1212
0 0.020459 0.99979 -0.13786
1 0 0 0.456
0 0.99982 -0.018917 1.1216
0 0.018917 0.99982 -0.13896
1 0 0 0.456
0 0.99985 -0.01734 1.122
0 0.01734 0.99985 -0.14006
1 0 0 0.456
0 0.99988 -0.015726 1.1223
0 0.015726 0.99988 -0.14114
1 0 0 0.456
0 0.9999 -0.014075 1.1227
0 0.014075 0.9999 -0.14222
1 0 0 0.456
0 0.99992 -0.012387 1.1231
0 0.012387 0.99992 -0.14329
1 0 0 0.456
0 0.99994 -0.010661 1.1234
0 0.010661 0.99994 -0.14435
1 0 0 0.456
0 0.99996 -0.0088984 1.1237
0 0.0088984 0.99996 -0.1454
1 0 0 0.456
0 0.99997 -0.0070973 1.124
0 0.0070973 0.99997 -0.14644
1 0 0 0.456
0 0.99999 -0.005258 1.1243
0 0.005258 0.99999 -0.14747
1 0 0 0.456
0 0.99999 -0.00338 1.1246
0 0.00338 0.99999 -0.14849
1 0 0 0.456
0 1 -0.0014633 1.1249
0 0.0014633 1 -0.1495
1 0 0 0.456
0 1 0 1.1251
0 0 1 -0.1505
1 2.1349e-08 -2.1335e-05 0.456
2.1349e-08 1 0.0020013 1.1254
2.1335e-05 -0.0020013 1 -0.1515
1 1.7294e-07 -8.4916e-05 0.456
1.7294e-07 0.99999 0.0040732 1.1256
8.4916e-05 -0.0040732 0.99999 -0.1525
1 5.9075e-07 -0.0001901 0.456
5.9075e-07 0.99998 0.0062149 1.1258
0.0001901 -0.0062149 0.99998 -0.1535
1 1.4166e-06 -0.00033626 0.456
1.4166e-06 0.99996 0.0084256 1.126
0.00033626 -0.0084256 0.99996 -0.15451
1 2.798e-06 -0.00052274 0.456
2.798e-06 0.99994 0.010705 1.1262
0.00052274 -0.010705 0.99994 -0.15551
1 4.8872e-06 -0.00074892 0.456
4.8872e-06 0.99991 0.013051 1.1263
0.00074892 -0.013051 0.99991 -0.15651
1 7.8418e-06 -0.0010141 0.456
7.8418e-06 0.99988 0.015464 1.1265
0.0010141 -0.015464 0.99988 -0.15751
1 1.1823e-05 -0.0013178 0.456
1.1823e-05 0.99984 0.017943 1.1266
0.0013178 -0.017943 0.99984 -0.15851
1 1.6997e-05 -0.0016592 0.456
1.6997e-05 0.99979 0.020487 1.1267
0.0016592 -0.020487 0.99979 -0.15951
1 2.3533e-05 -0.0020377 0.456
2.3533e-05 0.99973 0.023095 1.1268
0.0020377 -0.023095 0.99973 -0.16051
1 3.1603e-05 -0.0024526 0.456
3.1603e-05 0.99967 0.025766 1.1269
0.0024526 -0.025766 0.99966 -0.16151
1 4.1384e-05 -0.0029035 0.456
4.1384e-05 0.99959 0.028501 1.127
0.0029035 -0.028501 0.99959 -0.16252
0.99999 5.3052e-05 -0.0033895 0.456
5.3052e-05 0.99951 0.031297 1.1271
0.0033895 -0.031297 0.9995 -0.16352
0.99999 6.679e-05 -0.00391 0.456
6.679e-05 0.99942 0.034154 1.1271
0.00391 -0.034154 0.99941 -0.16452
0.99999 8.2779e-05 -0.0044644 0.456
8.2779e-05 0.99931 0.037071 1.1271
0.0044644 -0.037071 0.9993 -0.16552
0.99999 0.0001012 -0.0050521 0.456
0.0001012 0.9992 0.040047 1.1272
0.0050521 -0.040047 0.99919 -0.16652
0.99998 0.00012225 -0.0056723 0.456
0.00012225 0.99907 0.043082 1.1272
0.0056723 -0.043082 0.99906 -0.16752
0.99998 0.0001461 -0.0063245 0.456
0.0001461 0.99893 0.046175 1.1272
0.0063245 -0.046175 0.99891 -0.16852
0.99998 0.00017294 -0.007008 0.456
0.00017294 0.99878 0.049325 1.1272
0.007008 -0.049325 0.99876 -0.16952
0.99997 0.00020297 -0.0077221 0.456
0.00020297 0.99862 0.052531 1.1271
0.0077221 -0.052531 0.99859 -0.17053
0.99996 0.00023636 -0.0084662 0.456
0.00023636 0.99844 0.055792 1.1271
0.0084662 -0.055792 0.99841 -0.17153
0.99996 0.00027331 -0.0092396 0.456
0.00027331 0.99825 0.059107 1.127
0.0092396 -0.059107 0.99821 -0.17253
0.99995 0.00031399 -0.010042 0.456
0.00031399 0.99805 0.062476 1.127
0.010042 -0.062476 0.998 -0.17353
0.99994 0.00035861 -0.010872 0.456
0.00035861 0.99783 0.065897 1.1269
0.010872 -0.065897 0.99777 -0.17453
0.99993 0.00040733 -0.011729 0.456
0.00040733 0.99759 0.06937 1.1268
0.011729 -0.06937 0.99752 -0.17553
0.99992 0.00046035 -0.012613 0.456
0.00046035 0.99734 0.072895 1.1267
0.012613 -0.072895 0.99726 -0.17653
0.99991 0.00051784 -0.013523 0.456
0.00051784 0.99707 0.076469 1.1266
0.013523 -0.076469 0.99698 -0.17753
0.9999 0.00057998 -0.014459 0.456
0.00057998 0.99679 0.080093 1.1265
0.014459 -0.080093 0.99668 -0.17854
0.99988 0.00064695 -0.015419 0.456
0.00064695 0.99649 0.083764 1.1263
0.015419 -0.083764 0.99637 -0.17954
0.99987 0.00071892 -0.016403 0.456
0.00071892 0.99617 0.087484 1.1262
0.016403 -0.087484 0.99603 -0.18054
0.99985 0.00079607 -0.01741 0.456
0.00079607 0.99583 0.09125 1.126
0.01741 -0.09125 0.99568 -0.18154
0.99983 0.00087855 -0.01844 0.456
0.00087855 0.99547 0.095061 1.1258
0.01844 -0.095061 0.9953 -0.18254
0.99981 0.00096655 -0.019493 0.456
0.00096655 0.9951 0.098918 1.1257
0.019493 -0.098918 0.9949 -0.18354
0.99979 0.0010602 -0.020566 0.456
0.0010602 0.9947 0.10282 1.1255
0.020566 -0.10282 0.99449 -0.18454
0.99976 0.0011597 -0.02166 0.456
0.0011597 0.99428 0.10676 1.1253
0.02166 -0.10676 0.99405 -0.18554
0.99974 0.0012652 -0.022774 0.456
0.0012652 0.99385 0.11075 1.125
0.022774 -0.11075 0.99359 -0.18655
0.99971 0.0013767 -0.023908 0.456
0.0013767 0.99339 0.11477 1.1248
0.023908 -0.11477 0.9931 -0.18755
0.99968 0.0014946 -0.02506 0.456
0.0014946 0.99291 0.11884 1.1246
0.02506 -0.11884 0.9926 -0.18855
0.99965 0.0016189 -0.02623 0.456
0.0016189 0.99241 0.12295 1.1243
0.02623 -0.12295 0.99207 -0.18955
0.99962 0.0017497 -0.027417 0.456
0.0017497 0.99189 0.12709 1.1241
0.027417 -0.12709 0.99151 -0.19055
0.99959 0.0018872 -0.028621 0.456
0.0018872 0.99134 0.13128 1.1238
0.028621 -0.13128 0.99093 -0.19155
0.99955 0.0020315 -0.029841 0.456
0.0020315 0.99078 0.1355 1.1235
0.029841 -0.1355 0.99033 -0.19255
0.99951 0.0021827 -0.031076 0.456
0.0021827 0.99018 0.13975 1.1232
0.031076 -0.13975 0.9897 -0.19355
0.99947 0.0023409 -0.032325 0.456
0.0023409 0.98957 0.14404 1.1229
0.032325 -0.14404 0.98904 -0.19456
0.99943 0.0025062 -0.033588 0.456
0.0025062 0.98893 0.14836 1.1226
0.033588 -0.14836 0.98836 -0.19556
0.99939 0.0026788 -0.034865 0.456
0.0026788 0.98827 0.15272 1.1223
0.034865 -0.15272 0.98765 -0.19656
0.99934 0.0028588 -0.036154 0.456
0.0028588 0.98758 0.15711 1.1219
0.036154 -0.15711 0.98692 -0.19756
0.99929 0.0030461 -0.037455 0.456
0.0030461 0.98686 0.16153 1.1216
0.037455 -0.16153 0.98616 -0.19856
0.99924 0.003241 -0.038766 0.456
0.003241 0.98612 0.16598 1.1213
0.038766 -0.16598 0.98537 -0.19956
0.99919 0.0034434 -0.040089 0.456
0.0034434 0.98536 0.17046 1.1209
0.040089 -0.17046 0.98455 -0.20056
0.99914 0.0036534 -0.041421 0.456
0.0036534 0.98457 0.17497 1.1205
0.041421 -0.17497 0.9837 -0.20156
0.99908 0.0038712 -0.042762 0.456
0.0038712 0.98375 0.1795 1.1201
0.042762 -0.1795 0.98283 -0.20257
0.99902 0.0040966 -0.044111 0.456
0.0040966 0.98291 0.18406 1.1198
0.044111 -0.18406 0.98192 -0.20357
0.99896 0.0043299 -0.045468 0.456
0.0043299 0.98203 0.18865 1.1194
0.045468 -0.18865 0.98099 -0.20457
0.99889 0.0045711 -0.046832 0.456
0.0045711 0.98114 0.19326 1.119
0.046832 -0.19326 0.98003 -0.20557
0.99883 0.00482 -0.048202 0.456
0.00482 0.98021 0.1979 1.1185
0.048202 -0.1979 0.97904 -0.20657
0.99876 0.0050769 -0.049578 0.456
0.0050769 0.97926 0.20255 1.1181
0.049578 -0.20255 0.97802 -0.20757
0.99869 0.0053417 -0.050959 0.456
0.0053417 0.97828 0.20723 1.1177
0.050959 -0.20723 0.97696 -0.20857
0.99861 0.0056143 -0.052343 0.456
0.0056143 0.97727 0.21193 1.1172
0.052343 -0.21193 0.97588 -0.20957
0.99854 0.0058949 -0.053732 0.456
0.0058949 0.97623 0.21665 1.1168
0.053732 -0.21665 0.97477 -0.21058
0.99846 0.0061833 -0.055123 0.456
0.0061833 0.97517 0.22139 1.1163
0.055123 -0.22139 0.97363 -0.21158
0.99838 0.0064797 -0.056516 0.456
0.0064797 0.97407 0.22614 1.1159
0.056516 -0.22614 0.97245 -0.21258
0.9983 0.0067838 -0.057911 0.456
0.0067838 0.97295 0.23092 1.1154
0.057911 -0.23092 0.97125 -0.21358
0.99821 0.0070958 -0.059307 0.456
0.0070958 0.9718 0.2357 1.1149
0.059307 -0.2357 0.97001 -0.21458
0.99813 0.0074156 -0.060702 0.456
0.0074156 0.97062 0.24051 1.1144
0.060702 -0.24051 0.96875 -0.21558
0.99804 0.007743 -0.062097 0.456
0.007743 0.96941 0.24532 1.1139
0.062097 -0.24532 0.96745 -0.21658
0.99795 0.0080781 -0.063491 0.456
0.0080781 0.96817 0.25015 1.1134
0.063491 -0.25015 0.96612 -0.21758
0.99786 0.0084208 -0.064882 0.456
0.0084208 0.96691 0.255 1.1129
0.064882 -0.255 0.96476 -0.21859
0.99776 0.008771 -0.066271 0.456
0.008771 0.96561 0.25985 1.1124
0.066271 -0.25985 0.96337 -0.21959
0.99767 0.0091286 -0.067657 0.456
0.0091286 0.96428 0.26471 1.1119
0.067657 -0.26471 0.96195 -0.22059
0.99757 0.0094935 -0.069039 0.456
0.0094935 0.96293 0.26958 1.1113
0.069039 -0.26958 0.9605 -0.22159
0.99747 0.0098656 -0.070416 0.456
0.0098656 0.96155 0.27447 1.1108
0.070416 -0.27447 0.95901 -0.22259
0.99737 0.010245 -0.071787 0.456
0.010245 0.96013 0.27935 1.1103
0.071787 -0.27935 0.9575 -0.22359
0.99726 0.010631 -0.073152 0.456
0.010631 0.95869 0.28425 1.1097
0.073152 -0.28425 0.95596 -0.22459
0.99716 0.011024 -0.074511 0.456
0.011024 0.95722 0.28915 1.1091
0.074511 -0.28915 0.95438 -0.22559
0.99705 0.011424 -0.075862 0.456
0.011424 0.95572 0.29405 1.1086
0.075862 -0.29405 0.95277 -0.2266
0.99694 0.01183 -0.077206 0.456
0.01183 0.95419 0.29896 1.108
0.077206 -0.29896 0.95114 -0.2276
0.99684 0.012242 -0.07854 0.456
0.012242 0.95263 0.30387 1.1074
0.07854 -0.30387 0.94947 -0.2286
0.99673 0.012661 -0.079865 0.456
0.012661 0.95105 0.30878 1.1068
0.079865 -0.30878 0.94777 -0.2296
0.99661 0.013086 -0.08118 0.456
0.013086 0.94943 0.31369 1.1062
0.08118 -0.31369 0.94605 -0.2306
0.9965 0.013517 -0.082485 0.456
0.013517 0.94779 0.31861 1.1056
0.082485 -0.31861 0.94429 -0.2316
0.99639 0.013953 -0.083778 0.456
0.013953 0.94612 0.32352 1.105
0.083778 -0.32352 0.9425 -0.2326
0.99627 0.014395 -0.085058 0.456
0.014395 0.94442 0.32843 1.1044
0.085058 -0.32843 0.94069 -0.2336
0.99616 0.014842 -0.086327 0.456
0.014842 0.94269 0.33334 1.1038
0.086327 -0.33334 0.93885 -0.23461
0.99604 0.015294 -0.087582 0.456
0.015294 0.94093 0.33824 1.1032
0.087582 -0.33824 0.93697 -0.23561
0.99592 0.015751 -0.088822 0.456
0.015751 0.93915 0.34314 1.1026
0.088822 -0.34314 0.93507 -0.23661
0.99581 0.016212 -0.090049 0.456
0.016212 0.93734 0.34803 1.1019
0.090049 -0.34803 0.93315 -0.23761
0.99569 0.016678 -0.09126 0.456
0.016678 0.9355 0.35292 1.1013
0.09126 -0.35292 0.93119 -0.23861
0.99557 0.017147 -0.092455 0.456
0.017147 0.93364 0.3578 1.1007
0.092455 -0.3578 0.92921 -0.23961
0.99545 0.017621 -0.093634 0.456
0.017621 0.93175 0.36267 1.1
0.093634 -0.36267 0.9272 -0.24061
0.99533 0.018098 -0.094795 0.456
0.018098 0.92983 0.36753 1.0994
0.094795 -0.36753 0.92517 -0.24161
0.99521 0.018578 -0.095939 0.456
0.018578 0.92789 0.37239 1.0987
0.095939 -0.37239 0.9231 -0.24262
0.9951 0.019061 -0.097064 0.456
0.019061 0.92592 0.37723 1.0981
0.097064 -0.37723 0.92102 -0.24362
0.99498 0.019546 -0.098171 0.456
0.019546 0.92393 0.38206 1.0974
0.098171 -0.38206 0.91891 -0.24462
0.99486 0.020034 -0.099257 0.456
0.020034 0.92191 0.38688 1.0967
0.099257 -0.38688 0.91677 -0.24562
0.99474 0.020524 -0.10032 0.456
0.020524 0.91987 0.39168 1.0961
0.10032 -0.39168 0.91461 -0.24662
0.99463 0.021016 -0.10137 0.456
0.021016 0.9178 0.39647 1.0954
0.10137 -0.39647 0.91243 -0.24762
0.99451 0.021509 -0.10239 0.456
0.021509 0.91571 0.40125 1.0947
0.10239 -0.40125 0.91023 -0.24862
0.9944 0.022003 -0.1034 0.456
0.022003 0.9136 0.40601 1.094
0.1034 -0.40601 0.908 -0.24962
0.99428 0.022497 -0.10438 0.456
0.022497 0.91147 0.41076 1.0933
0.10438 -0.41076 0.90575 -0.25063
0.99417 0.022992 -0.10533 0.456
0.022992 0.90931 0.41549 1.0926
0.10533 -0.41549 0.90348 -0.25163
0.99406 0.023487 -0.10626 0.456
0.023487 0.90713 0.4202 1.0919
0.10626 -0.4202 0.90119 -0.25263
0.99395 0.023981 -0.10717 0.456
0.023981 0.90493 0.42489 1.0912
0.10717 -0.42489 0.89888 -0.25363
0.99384 0.024475 -0.10806 0.456
0.024475 0.9027 0.42956 1.0905
0.10806 -0.42956 0.89655 -0.25463
0.99374 0.024967 -0.10891 0.456
0.024967 0.90046 0.43421 1.0898
0.10891 -0.43421 0.8942 -0.25563
0.99363 0.025458 -0.10974 0.456
0.025458 0.8982 0.43884 1.0891
0.10974 -0.43884 0.89183 -0.25663
0.99353 0.025947 -0.11055 0.456
0.025947 0.89592 0.44345 1.0884
0.11055 -0.44345 0.88945 -0.25763
0.99343 0.026433 -0.11133 0.456
0.026433 0.89362 0.44804 1.0877
0.11133 -0.44804 0.88705 -0.25864
0.99333 0.026917 -0.11208 0.456
0.026917 0.8913 0.45261 1.087
0.11208 -0.45261 0.88464 -0.25964
0.99324 0.027397 -0.1128 0.456
0.027397 0.88896 0.45715 1.0862
0.1128 -0.45715 0.8822 -0.26064
0.99315 0.027874 -0.11349 0.456
0.027874 0.88661 0.46167 1.0855
0.11349 -0.46167 0.87976 -0.26164
0.99306 0.028347 -0.11415 0.456
0.028347 0.88424 0.46616 1.0848
0.11415 -0.46616 0.8773 -0.26264
0.99297 0.028815 -0.11479 0.456
0.028815 0.88186 0.47063 1.0841
0.11479 -0.47063 0.87483 -0.26364
0.99289 0.029278 -0.11539 0.456
0.029278 0.87946 0.47507 1.0833
0.11539 -0.47507 0.87235 -0.26464
0.99281 0.029736 -0.11596 0.456
0.029736 0.87704 0.47948 1.0826
0.11596 -0.47948 0.86985 -0.26564
0.99273 0.030188 -0.1165 0.456
0.030188 0.87462 0.48387 1.0819
0.1165 -0.48387 0.86735 -0.26665
0.99266 0.030634 -0.11701 0.456
0.030634 0.87217 0.48823 1.0811
0.11701 -0.48823 0.86483 -0.26765
0.99259 0.031073 -0.11748 0.456
0.031073 0.86972 0.49256 1.0804
0.11748 -0.49256 0.86231 -0.26865
0.99252 0.031506 -0.11792 0.456
0.031506 0.86726 0.49686 1.0797
0.11792 -0.49686 0.85978 -0.26965
0.99246 0.03193 -0.11833 0.456
0.03193 0.86478 0.50113 1.0789
0.11833 -0.50113 0.85724 -0.27065
0.9924 0.032346 -0.11871 0.456
0.032346 0.86229 0.50537 1.0782
0.11871 -0.50537 0.85469 -0.27165
0.99235 0.032754 -0.11905 0.456
0.032754 0.8598 0.50958 1.0774
0.11905 -0.50958 0.85214 -0.27265
0.9923 0.033152 -0.11935 0.456
0.033152 0.85729 0.51376 1.0767
0.11935 -0.51376 0.84959 -0.27365
0.99225 0.033542 -0.11962 0.456
0.033542 0.85478 0.5179 1.0759
0.11962 -0.5179 0.84703 -0.27466
0.99221 0.033921 -0.11985 0.456
0.033921 0.85226 0.52201 1.0752
0.11985 -0.52201 0.84447 -0.27566
0.99218 0.034289 -0.12005 0.456
0.034289 0.84973 0.52609 1.0744
0.12005 -0.52609 0.84191 -0.27666
0.99214 0.034647 -0.1202 0.456
0.034647 0.8472 0.53014 1.0737
0.1202 -0.53014 0.83934 -0.27766
0.99212 0.034993 -0.12032 0.456
0.034993 0.84466 0.53415 1.0729
0.12032 -0.53415 0.83678 -0.27866
0.9921 0.035327 -0.12041 0.456
0.035327 0.84212 0.53813 1.0722
0.12041 -0.53813 0.83421 -0.27966
0.99208 0.035648 -0.12045 0.456
0.035648 0.83957 0.54207 1.0714
0.12045 -0.54207 0.83165 -0.28066
0.99207 0.035957 -0.12045 0.456
0.035957 0.83702 0.54598 1.0707
0.12045 -0.54598 0.82909 -0.28166
0.99206 0.036252 -0.12042 0.456
0.036252 0.83447 0.54985 1.0699
0.12042 -0.54985 0.82653 -0.28267
0.99206 0.036533 -0.12034 0.456
0.036533 0.83192 0.55368 1.0692
0.12034 -0.55368 0.82398 -0.28367
0.99206 0.036799 -0.12023 0.456
0.036799 0.82937 0.55748 1.0684
0.12023 -0.55748 0.82143 -0.28467
0.99207 0.037051 -0.12007 0.456
0.037051 0.82682 0.56124 1.0677
0.12007 -0.56124 0.81889 -0.28567
0.99209 0.037287 -0.11987 0.456
0.037287 0.82427 0.56496 1.0669
0.11987 -0.56496 0.81636 -0.28667
0.99211 0.037507 -0.11963 0.456
0.037507 0.82172 0.56864 1.0662
0.11963 -0.56864 0.81383 -0.28767
0.99214 0.037711 -0.11935 0.456
0.037711 0.81918 0.57229 1.0654
0.11935 -0.57229 0.81131 -0.28867
0.99217 0.037897 -0.11903 0.456
0.037897 0.81664 0.57589 1.0647
0.11903 -0.57589 0.8088 -0.28967
0.99221 0.038066 -0.11866 0.456
0.038066 0.8141 0.57946 1.0639
0.11866 -0.57946 0.80631 -0.29068
0.99225 0.038217 -0.11824 0.456
0.038217 0.81157 0.58299 1.0632
0.11824 -0.58299 0.80382 -0.29168
0.9923 0.03835 -0.11779 0.456
0.03835 0.80905 0.58647 1.0625
0.11779 -0.58647 0.80135 -0.29268
0.99235 0.038463 -0.11728 0.456
0.038463 0.80654 0.58992 1.0617
0.11728 -0.58992 0.79889 -0.29368
0.99241 0.038557 -0.11674 0.456
0.038557 0.80403 0.59332 1.061
0.11674 -0.59332 0.79645 -0.29468
0.99248 0.038631 -0.11615 0.456
0.038631 0.80154 0.59668 1.0602
0.11615 -0.59668 0.79402 -0.29568
0.99255 0.038684 -0.11551 0.456
0.038684 0.79905 0.6 1.0595
0.11551 -0.6 0.79161 -0.29668
0.99263 0.038717 -0.11482 0.456
0.038717 0.79658 0.60328 1.0587
0.11482 -0.60328 0.78921 -0.29768
0.99272 0.038728 -0.11409 0.456
0.038728 0.79412 0.60652 1.058
0.11409 -0.60652 0.78683 -0.29869
0.9928 0.038716 -0.11331 0.456
0.038716 0.79167 0.60971 1.0573
0.11331 -0.60971 0.78447 -0.29969
0.9929 0.038683 -0.11248 0.456
0.038683 0.78923 0.61286 1.0565
0.11248 -0.61286 0.78213 -0.30069
0.993 0.038626 -0.1116 0.456
0.038626 0.78682 0.61596 1.0558
0.1116 -0.61596 0.77982 -0.30169
0.99311 0.038546 -0.11068 0.456
0.038546 0.78441 0.61903 1.0551
0.11068 -0.61903 0.77752 -0.30269
0.99322 0.038442 -0.1097 0.456
0.038442 0.78203 0.62204 1.0543
0.1097 -0.62204 0.77525 -0.30369
0.99334 0.038314 -0.10868 0.456
0.038314 0.77966 0.62502 1.0536
0.10868 -0.62502 0.773 -0.30469
0.99346 0.03816 -0.1076 0.456
0.03816 0.77731 0.62795 1.0529
0.1076 -0.62795 0.77077 -0.30569
0.99359 0.037982 -0.10648 0.456
0.037982 0.77498 0.63083 1.0522
0.10648 -0.63083 0.76857 -0.3067
0.99372 0.037777 -0.1053 0.456
0.037777 0.77267 0.63366 1.0514
0.1053 -0.63366 0.76639 -0.3077
0.99386 0.037547 -0.10407 0.456
0.037547 0.77039 0.63646 1.0507
0.10407 -0.63646 0.76425 -0.3087
0.994 0.037289 -0.10279 0.456
0.037289 0.76812 0.6392 1.05
0.10279 -0.6392 0.76213 -0.3097
0.99415 0.037005 -0.10146 0.456
0.037005 0.76588 0.6419 1.0493
0.10146 -0.6419 0.76003 -0.3107
0.9943 0.036693 -0.10007 0.456
0.036693 0.76367 0.64455 1.0486
0.10007 -0.64455 0.75797 -0.3117
0.99446 0.036353 -0.098633 0.456
0.036353 0.76148 0.64715 1.0479
0.098633 -0.64715 0.75594 -0.3127
0.99462 0.035985 -0.097139 0.456
0.035985 0.75932 0.64971 1.0472
0.097139 -0.64971 0.75394 -0.3137
0.99478 0.035588 -0.095591 0.456
0.035588 0.75718 0.65222 1.0465
0.095591 -0.65222 0.75197 -0.31471
0.99495 0.035162 -0.093987 0.456
0.035162 0.75508 0.65468 1.0458
0.093987 -0.65468 0.75003 -0.31571
0.99512 0.034706 -0.092327 0.456
0.034706 0.753 0.65709 1.0451
0.092327 -0.65709 0.74812 -0.31671
0.9953 0.03422 -0.090612 0.456
0.03422 0.75095 0.65945 1.0444
0.090612 -0.65945 0.74625 -0.31771
0.99548 0.033704 -0.08884 0.456
0.033704 0.74894 0.66176 1.0437
0.08884 -0.66176 0.74441 -0.31871
0.99566 0.033157 -0.087011 0.456
0.033157 0.74696 0.66403 1.0431
0.087011 -0.66403 0.74261 -0.31971
0.99584 0.03258 -0.085124 0.456
0.03258 0.74501 0.66624 1.0424
0.085124 -0.66624 0.74085 -0.32071
0.99602 0.03197 -0.083179 0.456
0.03197 0.7431 0.6684 1.0417
0.083179 -0.6684 0.73912 -0.32171
0.99621 0.031329 -0.081176 0.456
0.031329 0.74122 0.67051 1.0411
0.081176 -0.67051 0.73743 -0.32272
0.99639 0.030656 -0.079113 0.456
0.030656 0.73938 0.67257 1.0404
0.079113 -0.67257 0.73577 -0.32372
0.99658 0.029951 -0.076991 0.456
0.029951 0.73757 0.67458 1.0397
0.076991 -0.67458 0.73416 -0.32472
0.99677 0.029213 -0.074809 0.456
0.029213 0.73581 0.67654 1.0391
0.074809 -0.67654 0.73258 -0.32572
0.99696 0.028442 -0.072565 0.456
0.028442 0.73408 0.67844 1.0384
0.072565 -0.67844 0.73104 -0.32672
0.99715 0.027638 -0.070261 0.456
0.027638 0.7324 0.68029 1.0378
0.070261 -0.68029 0.72954 -0.32772
0.99733 0.0268 -0.067895 0.456
0.0268 0.73075 0.68209 1.0372
0.067895 -0.68209 0.72809 -0.32872
0.99752 0.025929 -0.065466 0.456
0.025929 0.72915 0.68384 1.0365
0.065466 -0.68384 0.72667 -0.32972
0.9977 0.025024 -0.062975 0.456
0.025024 0.7276 0.68553 1.0359
0.062975 -0.68553 0.7253 -0.33073
0.99788 0.024084 -0.060419 0.456
0.024084 0.72608 0.68716 1.0353
0.060419 -0.68716 0.72397 -0.33173
0.99806 0.023111 -0.0578 0.456
0.023111 0.72462 0.68874 1.0347
0.0578 -0.68874 0.72268 -0.33273
0.99824 0.022102 -0.055117 0.456
0.022102 0.72319 0.69027 1.034
0.055117 -0.69027 0.72143 -0.33373
0.99841 0.021059 -0.052368 0.456
0.021059 0.72182 0.69174 1.0334
0.052368 -0.69174 0.72023 -0.33473
0.99857 0.019982 -0.049553 0.456
0.019982 0.7205 0.69315 1.0328
0.049553 -0.69315 0.71907 -0.33573
